# Profile of mode N
# Total number of pulses = 2391Pulse phase (deg) | Summed flux density | Mean flux density
-6.101452242943547333e+01 -5.370342052700003421e+00 -2.246065266708491444e-03
-6.066295992943547333e+01 9.137144929999954091e-01 3.821474249268069561e-04
-6.031139742943547333e+01 7.262855544099997118e+00 3.037580737808446944e-03
-5.995983492943547333e+01 1.184286352600000214e+01 4.953100596403179658e-03
-5.960827242943547333e+01 -3.916253271000023517e+00 -1.637914375156847941e-03
-5.925670992943547333e+01 1.191658338730000466e+01 4.983932826139692192e-03
-5.890514742943547333e+01 5.319788092600008511e+00 2.224921828774574940e-03
-5.855358492943547333e+01 -5.036496876299999315e+00 -2.106439513299874274e-03
-5.820202242943547333e+01 -7.060250697999995495e+00 -2.952844290255121629e-03
-5.785045992943547333e+01 -1.780787711299999998e+01 -7.447878340861564458e-03
-5.749889742943547333e+01 -4.350470426099994015e+00 -1.819519207904639812e-03
-5.714733492943547333e+01 -2.380532789300000829e+01 -9.956222456294440415e-03
-5.679577242943547333e+01 2.297397683730000750e+01 9.608522307528233330e-03
-5.644420992943547333e+01 -1.233717707869999103e+01 -5.159839848891673367e-03
-5.609264742943547333e+01 -6.409785006099996352e+00 -2.680796740317856978e-03
-5.574108492943547333e+01 -1.300954124400000111e+01 -5.441046107904643284e-03
-5.538952242943547333e+01 1.543348139999988211e-01 6.454822835633577287e-05
-5.503795992943547333e+01 1.177313822370000373e+01 4.923939031242159474e-03
-5.468639742943547333e+01 -2.633826129999995214e+00 -1.101558398159763717e-03
-5.433483492943547333e+01 -1.559351554539999007e+01 -6.521754724132158149e-03
-5.398327242943547333e+01 -8.826675969600003668e+00 -3.691625248682561117e-03
-5.363170992943547333e+01 -2.569616729199996286e+00 -1.074703776327894751e-03
-5.328014742943547333e+01 1.547773093299998948e+01 6.473329541196147681e-03
-5.292858492943547333e+01 -1.534162064999999187e+00 -6.416403450439143010e-04
-5.257702242943547333e+01 4.451636372099990524e+00 1.861830352195730127e-03
-5.222545992943547333e+01 7.805078009800003436e+00 3.264357176829779834e-03
-5.187389742943547333e+01 2.212975238200005634e+00 9.255438051861169168e-04
-5.152233492943547333e+01 -6.510003454999990780e+00 -2.722711608113756020e-03
-5.117077242943547333e+01 -1.036487936400000009e+01 -4.334955819322459415e-03
-5.081920992943547333e+01 -4.468451193200006166e+00 -1.868862899707237962e-03
-5.046764742943547333e+01 -9.101336583000001923e+00 -3.806497943538269483e-03
-5.011608492943547333e+01 2.109648760880002527e+00 8.823290509744886835e-04
-4.976452242943547333e+01 1.333813714059999178e+01 5.578476428523626920e-03
-4.941295992943547333e+01 9.393174899100007025e+00 3.928554955708911216e-03
-4.906139742943547333e+01 2.104643274429999167e+01 8.802355811083224443e-03
-4.870983492943547333e+01 1.527659467199996346e+00 6.389207307402744581e-04
-4.835827242943547333e+01 9.772133077450007477e+00 4.087048547657887165e-03
-4.800670992943547333e+01 -9.465847653000004414e+00 -3.958949248431620563e-03
-4.765514742943547333e+01 -1.340056990900000322e+01 -5.604588000418236383e-03
-4.730358492943547333e+01 1.325719983300000315e+01 5.544625609786701242e-03
-4.695202242943547333e+01 -1.927357239040000536e+01 -8.060883475700546252e-03
-4.660045992943547333e+01 1.998850523639999821e+01 8.359893448933499935e-03
-4.624889742943547333e+01 -2.758278937300004507e+00 -1.153608924006693619e-03
-4.589733492943547333e+01 -1.350856870099999085e+01 -5.649756880384772598e-03
-4.554577242943547333e+01 3.674787952000007074e+00 1.536925115851111223e-03
-4.519420992943547333e+01 -3.569579489999989974e-01 -1.492923249686319530e-04
-4.484264742943547333e+01 1.137493709231999972e+01 4.757397361907151831e-03
-4.449108492943547333e+01 1.894665604999993258e+00 7.924155604349616576e-04
-4.413952242943547333e+01 9.320350605299998037e+00 3.898097283688832515e-03
-4.378795992943547333e+01 -1.422896021399999356e+01 -5.951049859473021321e-03
-4.343639742943547333e+01 2.105189479379200890e+01 8.804640231615227727e-03
-4.308483492943547333e+01 8.867541412000004897e+00 3.708716608950232176e-03
-4.273327242943547333e+01 1.136378326300000019e+00 4.752732439565035593e-04
-4.238170992943547333e+01 1.341260157379999995e+01 5.609620064324550084e-03
-4.203014742943547333e+01 -3.290659980600001866e+00 -1.376269335257215278e-03
-4.167858492943547333e+01 -3.829490397519994982e+00 -1.601627100593891722e-03
-4.132702242943547333e+01 6.675774381000001867e+00 2.792042819322459925e-03
-4.097545992943547333e+01 -3.931296499300010350e+00 -1.644205980468427513e-03
-4.062389742943547333e+01 -5.688386962000000935e+00 -2.379082794646591829e-03
-4.027233492943547333e+01 -1.683822525289999561e+01 -7.042335948515263989e-03
-3.992077242943547333e+01 6.000467195499998851e+00 2.509605686114595949e-03
-3.956920992943547333e+01 8.116198718000005030e+00 3.394478761187789701e-03
-3.921764742943547333e+01 -4.751340179000003161e+00 -1.987176988289420139e-03
-3.886608492943547333e+01 4.864248509100004725e+00 2.034399209159349665e-03
-3.851452242943547333e+01 3.623764131699994451e+00 1.515585165913841325e-03
-3.816295992943547333e+01 1.145935955070000745e+01 4.792705792848184210e-03
-3.781139742943547333e+01 1.730924819800001568e+00 7.239334252613975574e-04
-3.745983492943547333e+01 -7.849948948299992679e+00 -3.283123775951481658e-03
-3.710827242943547333e+01 1.878303464499999720e+01 7.855723398159764059e-03
-3.675670992943547333e+01 9.606911370001136596e-02 4.017947038896334516e-05
-3.640514742943547333e+01 -6.093877323299995652e+00 -2.548673075407777242e-03
-3.605358492943547333e+01 5.860994481100004094e+00 2.451273308699290863e-03
-3.570202242943547333e+01 8.933719441000000927e+00 3.736394580092012273e-03
-3.535045992943547333e+01 5.133569107999996106e+00 2.147038522793808663e-03
-3.499889742943547333e+01 -9.696971152900003332e+00 -4.055613196528650571e-03
-3.464733492943547333e+01 -1.353822031939999526e+01 -5.662158226432453118e-03
-3.429577242943547333e+01 -6.029785286600002792e+00 -2.521867539355918987e-03
-3.394420992943547333e+01 -1.252311407999997073e+00 -5.237605219573388546e-04
-3.359264742943547333e+01 -6.227022603999982309e+00 -2.604359098285229015e-03
-3.324108492943547333e+01 1.726691905000000915e+00 7.221630719364286605e-04
-3.288952242943547333e+01 9.017296460299997207e+00 3.771349418778752356e-03
-3.253795992943547333e+01 -7.823314915100004541e+00 -3.271984489795066835e-03
-3.218639742943547333e+01 4.370538646999995613e+00 1.827912441237974006e-03
-3.183483492943547333e+01 -2.848255231399990706e+00 -1.191240163697193915e-03
-3.148327242943547333e+01 -1.430020384666000766e+01 -5.980846443605189640e-03
-3.113170992943547333e+01 1.648918919009999584e+01 6.896356834002507867e-03
-3.078014742943547333e+01 1.103583766700000801e+01 4.615574097448769432e-03
-3.042858492943547333e+01 1.285277271470000038e+01 5.375480014512756637e-03
-3.007702242943547333e+01 -1.576034184090000423e+01 -6.591527327854456060e-03
-2.972545992943547333e+01 -4.501848865210000383e+00 -1.882830976666666862e-03
-2.937389742943547333e+01 -1.957597372900010013e+00 -8.187358314094562691e-04
-2.902233492943547333e+01 1.565167554399999439e+01 6.546079273943954113e-03
-2.867077242943547333e+01 -2.831536715000005699e+00 -1.184247894186535180e-03
-2.831920992943547333e+01 -1.164615625769999774e+01 -4.870830722584691339e-03
-2.796764742943547333e+01 -8.308371330399996424e+00 -3.474852082977832133e-03
-2.761608492943547333e+01 -1.168456828099999889e+01 -4.886895976997072261e-03
-2.726452242943547333e+01 -7.245710590099998960e+00 -3.030410117147636518e-03
-2.691295992943547333e+01 -5.036290375000004538e+00 -2.106353147218738980e-03
-2.656139742943547333e+01 9.696088556549996795e+00 4.055244063801755061e-03
-2.620983492943547333e+01 2.081016469480009512e+00 8.703540232036844661e-04
-2.585827242943547333e+01 1.158101622499994043e-01 4.843586877875341199e-05
-2.550670992943547333e+01 1.017332455399999702e+01 4.254840884148890570e-03
-2.515514742943547333e+01 -1.431663951700004711e+00 -5.987720416980363194e-04
-2.480358492943547333e+01 -4.054581626249992965e+00 -1.695768141468002085e-03
-2.445202242943547333e+01 1.386257329029999497e+01 5.797814006817229165e-03
-2.410045992943547333e+01 1.767244100999999290e+00 7.391234215809282119e-04
-2.374889742943547333e+01 3.053730918999999933e+00 1.277177297783354181e-03
-2.339733492943547333e+01 1.821794522860000987e+00 7.619383198912592966e-04
-2.304577242943547333e+01 -1.050747382999998703e+00 -4.394593822668334303e-04
-2.269420992943547333e+01 4.739523359100005884e+00 1.982234780050190492e-03
-2.234264742943547333e+01 1.324668739589000843e+01 5.540228940146385561e-03
-2.199108492943547333e+01 -9.388961326000002217e+00 -3.926792691760770324e-03
-2.163952242943547333e+01 1.178315496280000119e+01 4.928128382601422268e-03
-2.128795992943547333e+01 7.512699599899999470e+00 3.142074278502718192e-03
-2.093639742943547333e+01 -5.850191123209997457e+00 -2.446754965792554207e-03
-2.058483492943547333e+01 6.160251007499997655e+00 2.576432876411542325e-03
-2.023327242943547333e+01 2.629916039999997679e-01 1.099923061480551084e-04
-1.988170992943547333e+01 -1.790695426899999632e+01 -7.489315879966539601e-03
-1.953014742943547333e+01 6.824219451100000278e+00 2.854127750355500096e-03
-1.917858492943547333e+01 9.469244400000067508e-01 3.960369887076565457e-04
-1.882702242943547333e+01 1.791563920249999953e+01 7.492948223546632737e-03
-1.847545992943547333e+01 -7.208788319599991112e+00 -3.014967929569214045e-03
-1.812389742943547333e+01 4.910933551899996807e+00 2.053924530280215946e-03
-1.777233492943547333e+01 -2.141569316799984968e-01 -8.956793462149665545e-05
-1.742077242943547333e+01 -6.388779441500004097e+00 -2.672011476997073962e-03
-1.706920992943547333e+01 -6.790157473999996363e+00 -2.839881837724799948e-03
-1.671764742943547333e+01 -6.875205351999993830e+00 -2.875451841070679037e-03
-1.636608492943547333e+01 -1.741721827120008115e+00 -7.284491121371844576e-04
-1.601452242943547333e+01 5.647845772599994874e+00 2.362127048347969615e-03
-1.566295992943547333e+01 -1.488608662299995444e+00 -6.225883154746948527e-04
-1.531139742943547333e+01 -1.172423945899999609e+01 -4.903487854035966723e-03
-1.495983492943547333e+01 2.695672420999994490e+00 1.127424684650771324e-03
-1.460827242943547333e+01 4.183550482999996767e+00 1.749707437473858873e-03
-1.425670992943547333e+01 -4.758842653000006528e+00 -1.990314785863657975e-03
-1.390514742943547333e+01 -1.640690825300000455e+01 -6.861944062317023967e-03
-1.355358492943547333e+01 -2.124313452999996965e+00 -8.884623391886227375e-04
-1.320202242943547333e+01 -1.194666495309999732e+01 -4.996513991258886775e-03
-1.285045992943547333e+01 3.415787399099994293e+00 1.428602007151816853e-03
-1.249889742943547333e+01 1.007346851799999854e+01 4.213077590129652578e-03
-1.214733492943547333e+01 1.603220233700000463e+01 6.705228915516522545e-03
-1.179577242943547333e+01 7.342759517399998437e+00 3.070999379924717158e-03
-1.144420992943547333e+01 -6.430574034100001057e+00 -2.689491440443329395e-03
-1.109264742943547333e+01 2.328900063499999895e+00 9.740276300710999256e-04
-1.074108492943547333e+01 1.045548961600000126e+01 4.372852202425763640e-03
-1.038952242943547333e+01 1.567928595999994901e+00 6.557626917607674299e-04
-1.003795992943547333e+01 8.114691013000068232e-01 3.393848186114624996e-04
-9.686397429435473327e+00 -1.761831076400001805e+00 -7.368595049769977989e-04
-9.334834929435473327e+00 -3.912505105300003727e+00 -1.636346760895024616e-03
-8.983272429435473327e+00 6.610011541000003987e+00 2.764538494772063575e-03
-8.631709929435473327e+00 1.104263174600002007e+00 4.618415619406114462e-04
-8.280147429435473327e+00 5.729487387999993686e+00 2.396272433291507346e-03
-7.928584929435473327e+00 -4.809332869300001256e+00 -2.011431563906315896e-03
-7.577022429435473327e+00 9.324599680999992035e-01 3.899874396068587329e-04
-7.225459929435473327e+00 2.204151136710000003e+01 9.218532566750313115e-03
-6.873897429435473327e+00 -2.171386876999990889e+00 -9.081500949393520993e-04
-6.522334929435473327e+00 -1.880411174479999659e+01 -7.864538580008363297e-03
-6.170772429435473327e+00 -1.031022157000001549e+00 -4.312096014219998189e-04
-5.819209929435473327e+00 1.127008423500000411e+01 4.713544222082812277e-03
-5.467647429435473327e+00 2.253486300800000564e+01 9.424869514010876179e-03
-5.116084929435473327e+00 6.248383901999995160e+00 2.613293141781679318e-03
-4.764522429435473327e+00 -4.154847400999989837e+00 -1.737702802593053038e-03
-4.412959929435473327e+00 1.234471588949999443e+01 5.162992843789206837e-03
-4.061397429435473327e+00 1.882552401569998679e+01 7.873493942158088163e-03
-3.709834929435473327e+00 1.584847351100000346e+01 6.628387081137600452e-03
-3.358272429435473327e+00 3.701333661000004938e+00 1.548027461731495266e-03
-3.006709929435473327e+00 -4.482960837900006545e+00 -1.874931341656213557e-03
-2.655147429435473327e+00 7.786888425000002556e+00 3.256749654956086516e-03
-2.303584929435473327e+00 -7.344855074799996331e+00 -3.071875815474695102e-03
-1.952022429435473327e+00 8.573958285999992768e+00 3.585929856127140387e-03
-1.600459929435473327e+00 1.445303173419999787e+01 6.044764422501044780e-03
-1.248897429435473327e+00 5.419103091999999400e+00 2.266458842325386799e-03
-8.973349294354733274e-01 -1.107901071399999182e+01 -4.633630578837303303e-03
-5.457724294354733274e-01 1.969371025099998462e+01 8.236599854035962440e-03
-1.942099294354733274e-01 8.220779316199992692e+00 3.438218032705977513e-03
1.573525705645266726e-01 9.260617901499996307e+00 3.873114973442073027e-03
5.089150705645266726e-01 7.109539501000007533e+00 2.973458595148476512e-03
8.604775705645266726e-01 4.402865180999998351e+00 1.841432530740275348e-03
1.212040070564526673e+00 -1.439205408451000423e+01 -6.019261432250106077e-03
1.563602570564526673e+00 4.373130242500003817e+00 1.828996337306567927e-03
1.915165070564526673e+00 -2.307912652499997108e+00 -9.652499592220815938e-04
2.266727570564526673e+00 -1.325583298299997548e+00 -5.544053945211198766e-04
2.618290070564526673e+00 5.088144857100010299e+00 2.128040509033881332e-03
2.969852570564526673e+00 1.432196679337500456e+01 5.989948470671269468e-03
3.321415070564526673e+00 1.226665088599999187e+01 5.130343323295688714e-03
3.672977570564526673e+00 -8.971174102999995625e+00 -3.752059432455037789e-03
4.024540070564526673e+00 -1.398581055009999297e+01 -5.849356148097027697e-03
4.376102570564526673e+00 1.709443671600000414e+01 7.149492562107906575e-03
4.727665070564526673e+00 -7.629099560299987814e+00 -3.190756821539100091e-03
5.079227570564526673e+00 1.064123906599999891e+01 4.450539132580509823e-03
5.430790070564526673e+00 -5.728174237830002014e+00 -2.395723227867001953e-03
5.782352570564526673e+00 1.093034930729999843e+01 4.571455168255958955e-03
6.133915070564526673e+00 1.272316458200001321e+01 5.321273350899211226e-03
6.485477570564526673e+00 2.770158579200007409e+00 1.158577406608116795e-03
6.837040070564526673e+00 -4.518849336999996247e+00 -1.889941169803428063e-03
7.188602570564526673e+00 -5.715006086300003396e+00 -2.390215845378503966e-03
7.540165070564526673e+00 4.495204477899993556e+00 1.880052061020490856e-03
7.891727570564526673e+00 7.188256174600001103e+00 3.006380666917608281e-03
8.243290070564526673e+00 1.011524761000000261e+01 4.230551070681724292e-03
8.594852570564526673e+00 9.500311437899995326e+00 3.973363211166873639e-03
8.946415070564526673e+00 8.257635432730001668e+00 3.453632552375575718e-03
9.297977570564526673e+00 8.850709426999994633e+00 3.701676882894184076e-03
9.649540070564526673e+00 -3.688751321199995825e+00 -1.542765086240065198e-03
1.000110257056452667e+01 1.903853215510000396e+01 7.962581411585113039e-03
1.035266507056452667e+01 -4.815363937500007907e+00 -2.013953968005022244e-03
1.070422757056452667e+01 -1.437535243799999662e+01 -6.012276218318693410e-03
1.105579007056452667e+01 2.481102277699999448e+01 1.037683930447511234e-02
1.140735257056452667e+01 2.265236890189999741e+01 9.474014597197823531e-03
1.175891507056452667e+01 2.526216919200000888e+01 1.056552454705144729e-02
1.211047757056452667e+01 -2.770869401000007226e+00 -1.158874697197828174e-03
1.246204007056452667e+01 2.757193247899999378e+01 1.153154850648264139e-02
1.281360257056452667e+01 6.246080450999997424e+00 2.612329757841906023e-03
1.316516507056452667e+01 -1.143746446029999575e+01 -4.783548498661646144e-03
1.351672757056452667e+01 4.506634091000008446e+00 1.884832325805105898e-03
1.386829007056452667e+01 7.163932078299994899e+00 2.996207477331658438e-03
1.421985257056452667e+01 9.555426074699992611e+00 3.996414083939771149e-03
1.457141507056452667e+01 6.193653992400001584e+00 2.590403175407779684e-03
1.492297757056452667e+01 -3.806111523580995026e+00 -1.591849236127559561e-03
1.527454007056452667e+01 1.714905664370001048e+01 7.172336530196574654e-03
1.562610257056452667e+01 -8.311612757000002460e+00 -3.476207761187788403e-03
1.597766507056452667e+01 -7.421741510351011151e+00 -3.104032417545383310e-03
1.632922757056452667e+01 -5.325358514999992465e+00 -2.227251574654952933e-03
1.668079007056452667e+01 7.341399061500005985e+00 3.070430389585949733e-03
1.703235257056452667e+01 9.597001310000013774e+00 4.013802304475120805e-03
1.738391507056452667e+01 4.133273623390000040e+00 1.728679892676704367e-03
1.773547757056452667e+01 1.631496445099999804e+01 6.823489941865327341e-03
1.808704007056452667e+01 2.378481829600000541e+00 9.947644624006693817e-04
1.843860257056452667e+01 9.372100871000014877e+00 3.919741058552912542e-03
1.879016507056452667e+01 6.982382474149994245e+00 2.920277069907985853e-03
1.914172757056452667e+01 -1.112017536199999057e+01 -4.650847077373479639e-03
1.949329007056452667e+01 -5.187852429700007484e+00 -2.169741710455879227e-03
1.984485257056452667e+01 1.848246225100000117e+01 7.730013488498536749e-03
2.019641507056452667e+01 1.598020780600000812e+01 6.683482980342956258e-03
2.054797757056452667e+01 8.464669325600000960e+00 3.540221382517775347e-03
2.089954007056452667e+01 3.802696526000002297e+00 1.590420964450021957e-03
2.125110257056452667e+01 -8.945151851200002113e+00 -3.741176014721874464e-03
2.160266507056452667e+01 6.804309112300007456e+00 2.845800548849856948e-03
2.195422757056452667e+01 3.060561725000000344e+00 1.280034180259305952e-03
2.230579007056452667e+01 2.209447344600000562e+01 9.240683164366375948e-03
2.265735257056452667e+01 3.985944972000004416e+00 1.667061887076538807e-03
2.300891507056452667e+01 7.165448740999994293e+00 2.996841798828939283e-03
2.336047757056452667e+01 -4.000460006999919660e-01 -1.673132583437858599e-04
2.371204007056452667e+01 2.247576394999940552e-01 9.400152216645506383e-05
2.406360257056452667e+01 1.841198834279999730e+01 7.700538830112922672e-03
2.441516507056452667e+01 6.976437918300002039e+00 2.917790848306148817e-03
2.476672757056452667e+01 -4.933832645999992828e+00 -2.063501734002506482e-03
2.511829007056452667e+01 -3.934046618000007989e+00 -1.645356176495193622e-03
2.546985257056452667e+01 -6.826114216400000601e+00 -2.854920207611878150e-03
2.582141507056452667e+01 1.146369160299999734e+01 4.794517608950228660e-03
2.617297757056452667e+01 -1.006542157000001048e+00 -4.209712074445843156e-04
2.652454007056452667e+01 1.542997620889999588e+01 6.453356841865326952e-03
2.687610257056452667e+01 7.294852043999997093e+00 3.050962795483060444e-03
2.722766507056452667e+01 1.005795564289999966e+01 4.206589562066081339e-03
2.757922757056452667e+01 -1.563819391899999545e+01 -6.540440785863653461e-03
2.793079007056452667e+01 8.263475564000001938e+00 3.456075099958177445e-03
2.828235257056452667e+01 1.739959314090000220e+01 7.277119674153074806e-03
2.863391507056452667e+01 -3.378112450950007783e+00 -1.412845023400254203e-03
2.898547757056452667e+01 1.150260963900000277e+01 4.810794495608533561e-03
2.933704007056452667e+01 -3.754830747499995347e+00 -1.570401818276869572e-03
2.968860257056452667e+01 8.551927694400003332e+00 3.576715890589712930e-03
3.004016507056452667e+01 -1.936557729533000582e+01 -8.099363151539107700e-03
3.039172757056452667e+01 -7.217403677999993938e+00 -3.018571174404012340e-03
3.074329007056452667e+01 -2.152784684599998499e+00 -9.003700061062310271e-04
3.109485257056452667e+01 2.510830390000018397e-01 1.050117268925143617e-04
3.144641507056452667e+01 -6.659279323999991007e+00 -2.785144008364697204e-03
3.179797757056452667e+01 -4.674620808999991439e+00 -1.955090258887491345e-03
3.214954007056452667e+01 -7.666011060999995408e+00 -3.206194504809701303e-03
3.250110257056452667e+01 -1.452324566599999400e+01 -6.074130349644497884e-03
3.285266507056452667e+01 2.175857512869999510e+01 9.100198715474695429e-03
3.320422757056452667e+01 2.220049702097999855e+01 9.285025939347553436e-03
3.355579007056452667e+01 6.256013792000000073e+00 2.616484229192806311e-03
3.390735257056452667e+01 1.068644754199999802e+01 4.469446901714762936e-03
3.425891507056452667e+01 2.013862439950001004e+01 8.422678544332918432e-03
3.461047757056452667e+01 -1.385892294458998997e+01 -5.796287304303634168e-03
3.496204007056452667e+01 1.420244464840000198e+01 5.939960120618988960e-03
3.531360257056452667e+01 -1.403964140930000504e+01 -5.871870100083649222e-03
3.566516507056452667e+01 -3.169466608999990331e+00 -1.325582019657043200e-03
3.601672757056452667e+01 4.953009967999999041e+00 2.071522362191551177e-03
3.636829007056452667e+01 1.957668802513999751e+01 8.187657057774988881e-03
3.671985257056452667e+01 7.242612185000001368e+00 3.029114255541615064e-03
3.707141507056452667e+01 -3.194474549999997137e+00 -1.336041217063988797e-03
3.742297757056452667e+01 -3.662580165699995227e+00 -1.531819391760767509e-03
3.777454007056452667e+01 6.684395582799999680e+00 2.795648508071936489e-03
3.812610257056452667e+01 3.502947339509997260e+00 1.465055349021328812e-03
3.847766507056452667e+01 2.534035264999980885e-01 1.059822360936838446e-04
3.882922757056452667e+01 4.969345733320000846e+00 2.078354551785864101e-03
3.918079007056452667e+01 5.749444573199995467e+00 2.404619227603511326e-03
3.953235257056452667e+01 1.716757350300000695e+01 7.180080929736514482e-03
3.988391507056452667e+01 6.138447408790989712e+00 2.567313847256791955e-03
4.023547757056452667e+01 -5.997046572999995107e+00 -2.508175061898785217e-03
4.058704007056452667e+01 5.008307910000001861e+00 2.094649899623589242e-03
4.093860257056452667e+01 3.686806705500004000e+00 1.541951779799248783e-03
4.129016507056452667e+01 -4.839751900000008433e+00 -2.024153868674198435e-03
4.164172757056452667e+01 3.711853192999997830e+00 1.552427098703470414e-03
4.199329007056452667e+01 -5.626520079799995244e+00 -2.353207896194059023e-03
4.234485257056452667e+01 -3.181742214400006930e+00 -1.330716108071939218e-03
4.269641507056452667e+01 -3.105884816999999742e+00 -1.298989885821831862e-03
4.304797757056452667e+01 -7.168881588399997007e+00 -2.998277535926389351e-03
4.339954007056452667e+01 1.402563925175999060e+01 5.866013907051438950e-03
4.375110257056452667e+01 7.618017230600005796e+00 3.186121802844000574e-03
4.410266507056452667e+01 -2.066063849000002062e+00 -8.641003132580519011e-04
4.445422757056452667e+01 -6.912885875000000624e+00 -2.891211156419908144e-03
4.480579007056452667e+01 -4.843330782999986539e+00 -2.025650682977827872e-03
4.515735257056452667e+01 1.260540258410000192e+01 5.272021156043497567e-03
4.550891507056452667e+01 -6.730102187299998207e+00 -2.814764612003345119e-03
4.586047757056452667e+01 -1.072965314100007284e+00 -4.487516997490620255e-04
4.621204007056452667e+01 5.584207617999996209e+00 2.335511341698032900e-03
4.656360257056452667e+01 -7.433961702999996923e+00 -3.109143330405686727e-03
4.691516507056452667e+01 1.388225110900000558e+01 5.806043960267672985e-03
4.726672757056452667e+01 -2.868017130197990205e+00 -1.199505282391463961e-03
4.761829007056452667e+01 9.996800715000002668e+00 4.181012427854455434e-03
4.796985257056452667e+01 8.267477429999999572e+00 3.457748820577164015e-03
4.832141507056452667e+01 1.998136224350000134e+01 8.356905998954413523e-03
4.867297757056452667e+01 1.146506737979999713e+01 4.795093007026347658e-03
4.902454007056452667e+01 -3.834737360100012538e+00 -1.603821564240908619e-03
4.937610257056452667e+01 8.531192941699998755e+00 3.568043890296946317e-03
4.972766507056452667e+01 -3.202766184000001459e+00 -1.339509069008783509e-03
5.007922757056452667e+01 6.209037165900001654e+00 2.596836957716437341e-03
5.043079007056452667e+01 6.036046545999993462e+00 2.524486217482222166e-03
5.078235257056452667e+01 -3.482024072000001524e+00 -1.456304505227938757e-03
5.113391507056452667e+01 -1.402577972399999373e+00 -5.866072657465492808e-04
5.148547757056452667e+01 -2.026025551409999892e+01 -8.473548939397741037e-03
5.183704007056452667e+01 6.476331216699993121e+00 2.708628697908821697e-03
5.218860257056452667e+01 1.922619666460000332e+01 8.041069286741951011e-03
5.254016507056452667e+01 1.410178852800000371e+01 5.897862203262234544e-03
5.289172757056452667e+01 -4.798403570000024931e-01 -2.006860547887923411e-04
5.324329007056452667e+01 -9.939545713800006510e+00 -4.157066379673779455e-03
5.359485257056452667e+01 -7.096816643800002211e+00 -2.968137450355500754e-03
5.394641507056452667e+01 -1.124250798341999769e+01 -4.702010867176912266e-03
5.429797757056452667e+01 -7.590289584999999839e+00 -3.174525129652864923e-03
5.464954007056452667e+01 5.108775739999984467e-01 2.136669067335836129e-04
5.500110257056452667e+01 2.578584371699998457e+01 1.078454358720200117e-02
5.535266507056452667e+01 5.429570728000000734e+00 2.270836774571309471e-03
5.570422757056452667e+01 -3.794001536999996205e+00 -1.586784415307401254e-03
5.605579007056452667e+01 -1.163473757210000414e+01 -4.866055028063573373e-03
5.640735257056452667e+01 -1.822160556499997863e+00 -7.620914079882885580e-04
5.675891507056452667e+01 6.363459422999994786e+00 2.661421757841904868e-03
5.711047757056452667e+01 -1.373595238400000795e+01 -5.744856705980764741e-03
5.746204007056452667e+01 -9.847942524999995229e+00 -4.118754715600165574e-03
5.781360257056452667e+01 7.894751640900012468e+00 3.301861832245927240e-03
5.816516507056452667e+01 1.634064737100000642e+01 6.834231439146802763e-03
5.851672757056452667e+01 -8.495571162100000961e+00 -3.553145613592639546e-03
5.886829007056452667e+01 2.064757725589999637e+01 8.635540466708488405e-03
5.921985257056452667e+01 5.146757901099990207e+00 2.152554538310326102e-03
5.957141507056452667e+01 1.001917509899996173e+00 4.190370179422819711e-04
5.992297757056452667e+01 5.241914189000003610e+00 2.192352232956923126e-03
6.027454007056452667e+01 7.639863712099996818e+00 3.195258767084900239e-03
6.062610257056452667e+01 -1.255049858689999454e+01 -5.249058380133833288e-03
6.097766507056452667e+01 -7.310628560400010301e+00 -3.057561087578423552e-03
6.132922757056452667e+01 1.142299470899994507e+00 4.777496741530717146e-04
6.168079007056452667e+01 -5.142178446599997343e+00 -2.150639249937263790e-03
6.203235257056452667e+01 2.840790512799998169e+00 1.188118156754495178e-03
6.238391507056452667e+01 3.846542775029998751e+00 1.608759002521956789e-03
6.273547757056452667e+01 1.619562212999997808e+00 6.773576800501872374e-04
6.308704007056452667e+01 2.116510189999887825e-01 8.851987411124582583e-05
6.343860257056452667e+01 -8.833332037840003537e+00 -3.694409049703054667e-03
6.379016507056452667e+01 6.514930192600003167e+00 2.724772142450858706e-03
