# Profile of mode N
# Total number of pulses = 391Pulse phase (deg) | Summed flux density | Mean flux density
-5.789523216985885767e+01 -8.069764594999996987e+00 -2.063878413043477439e-02
-5.754366966985885767e+01 -1.400313029999999292e+00 -3.581363248081839527e-03
-5.719210716985885767e+01 -4.681872766999996216e+00 -1.197409914833758547e-02
-5.684054466985885767e+01 5.540081959999995753e+00 1.416900757033246958e-02
-5.648898216985885767e+01 3.660729325000001921e+00 9.362479092071615897e-03
-5.613741966985885767e+01 -2.262374256000002415e+00 -5.786123416879801300e-03
-5.578585716985885767e+01 2.255508923000000721e+00 5.768565020460359773e-03
-5.543429466985885767e+01 1.161841118999999756e+00 2.971460662404091634e-03
-5.508273216985885767e+01 5.442483370000000598e+00 1.391939480818414447e-02
-5.473116966985885767e+01 3.089876639999999952e+00 7.902497800511509157e-03
-5.437960716985885767e+01 7.520225570999995668e+00 1.923331348081840433e-02
-5.402804466985885767e+01 -2.850730471999999960e+00 -7.290870772378516690e-03
-5.367648216985885767e+01 5.414892828000002822e+00 1.384883076214834564e-02
-5.332491966985885767e+01 1.107615794999998737e+00 2.832776969309459478e-03
-5.297335716985885767e+01 3.924434769999995964e+00 1.003691757033246985e-02
-5.262179466985885767e+01 -7.735459910000002992e+00 -1.978378493606139030e-02
-5.227023216985885767e+01 -5.055333602999999343e+00 -1.292924195140664721e-02
-5.191866966985885767e+01 -3.877340444000001884e+00 -9.916471723785170306e-03
-5.156710716985885767e+01 -9.318610018400015349e-01 -2.383276219539645722e-03
-5.121554466985885767e+01 1.023900913000000079e+00 2.618672411764705939e-03
-5.086398216985885767e+01 -2.460982092000001842e+00 -6.294071846547319264e-03
-5.051241966985885767e+01 -5.892347163999997584e+00 -1.506994159590792186e-02
-5.016085716985885767e+01 3.654215502000001781e+00 9.345819698209722678e-03
-4.980929466985885767e+01 7.164454839999985225e-01 1.832341391304344097e-03
-4.945773216985885767e+01 -4.736056204999998798e+00 -1.211267571611252848e-02
-4.910616966985885767e+01 -2.388717940000000262e+00 -6.109253043478261175e-03
-4.875460716985885767e+01 -4.257424310000003764e+00 -1.088855322250640266e-02
-4.840304466985885767e+01 9.381793440000016915e-01 2.399435662404096527e-03
-4.805148216985885767e+01 -3.917705640000010980e-01 -1.001970751918161446e-03
-4.769991966985885767e+01 5.069507989999999076e+00 1.296549358056265679e-02
-4.734835716985885767e+01 7.243958329000008689e+00 1.852674764450130268e-02
-4.699679466985885767e+01 -6.856300360000000538e+00 -1.753529503836317310e-02
-4.664523216985885767e+01 2.666575630000000086e+00 6.819886521739130895e-03
-4.629366966985885767e+01 -3.274852325999995983e+00 -8.375581396419426797e-03
-4.594210716985885767e+01 5.118887935799995681e+00 1.309178500204602469e-02
-4.559054466985885767e+01 7.685343868999993111e-01 1.965561091815855050e-03
-4.523898216985885767e+01 1.691008520000003124e+00 4.324829974424560658e-03
-4.488741966985885767e+01 -2.202443850990001728e+00 -5.632848723759594986e-03
-4.453585716985885767e+01 3.639905495999998131e+00 9.309221217391298875e-03
-4.418429466985885767e+01 -1.460230740000012517e-01 -3.734605473145811809e-04
-4.383273216985885767e+01 4.021186544000003416e+00 1.028436456265985517e-02
-4.348116966985885767e+01 5.091094820000015009e-01 1.302070286445016585e-03
-4.312960716985885767e+01 -3.088779999999993753e-01 -7.899693094629140194e-04
-4.277804466985885767e+01 4.098913070000019254e-01 1.048315363171360357e-03
-4.242648216985885767e+01 1.919772790000000562e+00 4.909904833759592274e-03
-4.207491966985885767e+01 2.701360856200002214e+00 6.908851294629161921e-03
-4.172335716985885767e+01 2.861633785000000874e+00 7.318756483375961699e-03
-4.137179466985885767e+01 7.720343719999999132e-01 1.974512460358056245e-03
-4.102023216985885767e+01 -2.047140858999999757e+00 -5.235654370843989373e-03
-4.066866966985885767e+01 5.936713229999999619e+00 1.518340979539641901e-02
-4.031710716985885767e+01 -1.992620782999999340e+00 -5.096216836317134236e-03
-3.996554466985885767e+01 -8.611779491000000064e+00 -2.202501148593350236e-02
-3.961398216985885767e+01 7.173134976999993917e+00 1.834561375191814253e-02
-3.926241966985885767e+01 -3.449567918000002731e+00 -8.822424342711004258e-03
-3.891085716985885767e+01 -3.014681315000000250e+00 -7.710182391304348619e-03
-3.855929466985885767e+01 -3.700276294000000021e+00 -9.463622235294117183e-03
-3.820773216985885767e+01 3.748175336000000968e+00 9.586126179028134700e-03
-3.785616966985885767e+01 3.614687200000000544e+00 9.244724296675192396e-03
-3.750460716985885767e+01 -1.566195344999999683e+00 -4.005614693094627921e-03
-3.715304466985885767e+01 7.357161928400003603e+00 1.881627091662405049e-02
-3.680148216985885767e+01 1.022557526999999800e+00 2.615236641943733363e-03
-3.644991966985885767e+01 -2.266400502000000650e+00 -5.796420721227622808e-03
-3.609835716985885767e+01 -5.037145838500000750e+00 -1.288272592966752117e-02
-3.574679466985885767e+01 -1.537964970000021137e-01 -3.933414245524350511e-04
-3.539523216985885767e+01 9.450384359999997042e-01 2.416978097186699842e-03
-3.504366966985885767e+01 -1.816814500000036858e-01 -4.646584398977076247e-04
-3.469210716985885767e+01 4.302287698999998078e+00 1.100329334782608123e-02
-3.434054466985885767e+01 6.903844874499998951e+00 1.765689226214833471e-02
-3.398898216985885767e+01 6.827705460000002446e+00 1.746216230179028703e-02
-3.363741966985885767e+01 3.624181409999993608e-01 9.269006163682847865e-04
-3.328585716985885767e+01 5.025377159000002258e+00 1.285262700511509600e-02
-3.293429466985885767e+01 5.648802717000012130e-01 1.444706577237854766e-03
-3.258273216985885767e+01 2.271597429999999473e+00 5.809712097186699523e-03
-3.223116966985885767e+01 3.517051190000002325e-01 8.995015831202051500e-04
-3.187960716985885767e+01 1.025443136999997229e+00 2.622616718670069558e-03
-3.152804466985885767e+01 2.404111854999994580e-01 6.148623670076711978e-04
-3.117648216985885767e+01 -1.404044898000001318e+00 -3.590907667519184845e-03
-3.082491966985885767e+01 -4.575734445999999345e+00 -1.170264564194373191e-02
-3.047335716985885767e+01 -3.594526690000002578e+00 -9.193162890025582262e-03
-3.012179466985885767e+01 -1.689129659000000228e+00 -4.320024703324808549e-03
-2.977023216985885767e+01 -3.773622027999999240e+00 -9.651207232736571523e-03
-2.941866966985885767e+01 -2.020307709999999979e+00 -5.167027391304347683e-03
-2.906710716985885767e+01 -9.749934200000023310e-01 -2.493589309462921483e-03
-2.871554466985885767e+01 -5.395255235999997012e+00 -1.379860674168797118e-02
-2.836398216985885767e+01 1.865823960000001946e+00 4.771928286445017812e-03
-2.801241966985885767e+01 -3.715636961000004845e+00 -9.502907828644513791e-03
-2.766085716985885767e+01 -1.468564400999999187e+00 -3.755919184143220561e-03
-2.730929466985885767e+01 1.961150361999999703e+00 5.015729826086955806e-03
-2.695773216985885767e+01 -9.288823600000051250e-01 -2.375658209718683068e-03
-2.660616966985885767e+01 -5.364440971000000502e+00 -1.371979787979539685e-02
-2.625460716985885767e+01 -1.289040199999990088e-01 -3.296778005115064288e-04
-2.590304466985885767e+01 3.414329150000000368e+00 8.732299616368286929e-03
-2.555148216985885767e+01 -2.862492995999999401e+00 -7.320953953964193066e-03
-2.519991966985885767e+01 1.863792555600001233e+00 4.766732878772381339e-03
-2.484835716985885767e+01 -5.613415279999998120e+00 -1.435656081841431807e-02
-2.449679466985885767e+01 -3.728130386000001462e+00 -9.534860322250643741e-03
-2.414523216985885767e+01 3.869602843000000458e+00 9.896682462915602080e-03
-2.379366966985885767e+01 -1.658163891000001389e+00 -4.240828365728904065e-03
-2.344210716985885767e+01 2.076955196999999309e+00 5.311905874680305194e-03
-2.309054466985885767e+01 -6.579303428000000231e+00 -1.682686298721227519e-02
-2.273898216985885767e+01 -4.023082192300002191e+00 -1.028921276803069530e-02
-2.238741966985885767e+01 3.035933340000001479e+00 7.764535396419441036e-03
-2.203585716985885767e+01 3.333180921300001209e+00 8.524759389514070113e-03
-2.168429466985885767e+01 -1.712508849799998289e+00 -4.379818030179023942e-03
-2.133273216985885767e+01 -8.046942571999993188e-01 -2.058041578516622231e-03
-2.098116966985885767e+01 -4.612733732000004139e+00 -1.179727297186701843e-02
-2.062960716985885767e+01 3.043158939000001340e+00 7.783015189258315515e-03
-2.027804466985885767e+01 -3.525852637999998596e+00 -9.017525928388742812e-03
-1.992648216985885767e+01 2.496757612999997100e+00 6.385569342710990456e-03
-1.957491966985885767e+01 4.246065442399999945e+00 1.085950241023017973e-02
-1.922335716985885767e+01 -2.246268543999999423e+00 -5.744932337595906428e-03
-1.887179466985885767e+01 1.822928774999999391e+00 4.662221930946289922e-03
-1.852023216985885767e+01 -8.513678770000008278e-01 -2.177411450127879171e-03
-1.816866966985885767e+01 -1.186918719999999317e+00 -3.035597749360611879e-03
-1.781710716985885767e+01 -4.092909113999996684e+00 -1.046779824552428878e-02
-1.746554466985885767e+01 -1.595546879999999668e+00 -4.080682557544756429e-03
-1.711398216985885767e+01 -4.962890430999999936e+00 -1.269281440153452629e-02
-1.676241966985885767e+01 8.531240580000023499e-01 2.181902961636834719e-03
-1.641085716985885767e+01 -6.510683790000001636e+00 -1.665136519181585964e-02
-1.605929466985885767e+01 -7.598321250999997112e+00 -1.943304667774935213e-02
-1.570773216985885767e+01 5.960346048000007002e-01 1.524385178516625807e-03
-1.535616966985885767e+01 -7.838538441999999051e+00 -2.004741289514066355e-02
-1.500460716985885767e+01 -5.788441259999999922e+00 -1.480419759590792875e-02
-1.465304466985885767e+01 -1.528754049999999198e+00 -3.909856905370842281e-03
-1.430148216985885767e+01 3.225111954999999142e+00 8.248368171355496478e-03
-1.394991966985885767e+01 -5.945850490999998961e+00 -1.520677874936061068e-02
-1.359835716985885767e+01 4.188886519000000419e+00 1.071326475447570425e-02
-1.324679466985885767e+01 1.116089253999998476e+00 2.854448219948845043e-03
-1.289523216985885767e+01 -7.201502394000000251e+00 -1.841816469053708660e-02
-1.254366966985885767e+01 -9.674902394000000072e+00 -2.474399589258311979e-02
-1.219210716985885767e+01 -7.195658896599997689e+00 -1.840321968439896996e-02
-1.184054466985885767e+01 -1.232109759999999277e+00 -3.151175856777491818e-03
-1.148898216985885767e+01 5.787537889000003766e+00 1.480188718414323160e-02
-1.113741966985885767e+01 5.650010539999999359e+00 1.445015483375958892e-02
-1.078585716985885767e+01 -6.403222081999999205e+00 -1.637652706393861665e-02
-1.043429466985885767e+01 -6.196923526000001736e+00 -1.584890927365729257e-02
-1.008273216985885767e+01 1.496829604000001979e+00 3.828208705882357819e-03
-9.731169669858857674e+00 1.050920792000000326e+00 2.687776961636829422e-03
-9.379607169858857674e+00 -1.645799640000005226e-01 -4.209206240409220476e-04
-9.028044669858857674e+00 3.218287924000002853e+00 8.230915406649623803e-03
-8.676482169858857674e+00 -8.997979016999995139e+00 -2.301273405882351547e-02
-8.324919669858857674e+00 -3.980049107999999336e+00 -1.017915372890025420e-02
-7.973357169858857674e+00 2.770089060000002323e+00 7.084626751918164135e-03
-7.621794669858857674e+00 2.928985460999998569e+00 7.491011409207157419e-03
-7.270232169858857674e+00 -2.342766709999997143e+00 -5.991730716112524981e-03
-6.918669669858857674e+00 3.807724907999999076e+00 9.738426874680305295e-03
-6.567107169858857674e+00 -5.114103395000002550e+00 -1.307954832480819063e-02
-6.215544669858857674e+00 3.696912898000000780e+00 9.455020199488493177e-03
-5.863982169858857674e+00 5.975913580000012937e-01 1.528366644501282174e-03
-5.512419669858857674e+00 9.535023279999979007e-01 2.438624879795390967e-03
-5.160857169858857674e+00 -5.249386286000007118e+00 -1.342554037340155243e-02
-4.809294669858857674e+00 1.282850205399998389e+00 3.280946816879791103e-03
-4.457732169858857674e+00 -2.293069391000000401e+00 -5.864627598465474087e-03
-4.106169669858857674e+00 5.833912803000001368e+00 1.492049310230179372e-02
-3.754607169858857674e+00 -3.566920364000002230e+00 -9.122558475703330255e-03
-3.403044669858857674e+00 1.335518441999999029e+00 3.415648189258309406e-03
-3.051482169858857674e+00 -6.007617769999998636e+00 -1.536475132992327040e-02
-2.699919669858857674e+00 -1.057367985300000335e+01 -2.704265947058824213e-02
-2.348357169858857674e+00 3.290185803999997827e+00 8.414797452685416831e-03
-1.996794669858857674e+00 -4.884757639999999235e-01 -1.249298629156010091e-03
-1.645232169858857674e+00 4.361416999999998545e+00 1.115451918158567347e-02
-1.293669669858857674e+00 2.507425831000004379e+00 6.412853787723796391e-03
-9.421071698588576737e-01 2.703437399999999435e+00 6.914162148337594550e-03
-5.905446698588576737e-01 4.009850030000009502e-01 1.025537092071613764e-03
-2.389821698588576737e-01 -5.984404990000038449e-01 -1.530538360613820613e-03
1.125803301411423263e-01 -4.601301988000002119e+00 -1.176803577493606631e-02
4.641428301411423263e-01 -5.001810476999998478e+00 -1.279235416112531505e-02
8.157053301411423263e-01 -6.231056620000004820e+00 -1.593620618925832566e-02
1.167267830141142326e+00 3.474542820000005250e+00 8.886298772378529998e-03
1.518830330141142326e+00 -3.456514042000000231e+00 -8.840189365728900323e-03
1.870392830141142326e+00 9.589340329999984647e-01 2.452516708439893625e-03
2.221955330141142326e+00 -5.732257834000000329e+00 -1.466050596930946331e-02
2.573517830141142326e+00 -1.586291177000001440e+00 -4.057010682864454001e-03
2.925080330141142326e+00 -1.208064908000001214e+00 -3.089680071611256452e-03
3.276642830141142326e+00 -2.116278215000003904e+00 -5.412476253196941110e-03
3.628205330141142326e+00 -1.545699080000000336e+00 -3.953194578005116144e-03
3.979767830141142326e+00 2.813199970000001660e+00 7.194884833759594700e-03
4.331330330141142326e+00 3.381415499000000047e+00 8.648121480818414530e-03
4.682892830141142326e+00 -5.153187215999998294e+00 -1.317950694629155609e-02
5.034455330141142326e+00 3.425980560000000175e+00 8.762098618925831875e-03
5.386017830141142326e+00 5.649550031000001304e+00 1.444897706138107731e-02
5.737580330141142326e+00 -3.339684976999996557e+00 -8.541393803069044846e-03
6.089142830141142326e+00 -2.371956619999999738e+00 -6.066385217391303403e-03
6.440705330141142326e+00 2.326027069999996311e+00 5.948918337595898373e-03
6.792267830141142326e+00 6.139772260399993797e+00 1.570274235396417958e-02
7.143830330141142326e+00 5.791118292999999362e+00 1.481104422762148133e-02
7.495392830141142326e+00 -2.269322809999999802e+00 -5.803894654731456965e-03
7.846955330141142326e+00 3.397412210000005928e-01 8.689033785166255667e-04
8.198517830141142326e+00 -1.026245037200001065e+01 -2.624667614322253456e-02
8.550080330141142326e+00 -7.372342707000001383e+00 -1.885509643734015542e-02
8.901642830141142326e+00 -1.962428612000001182e+00 -5.018999007672637382e-03
9.253205330141142326e+00 -5.785854663499997663e+00 -1.479758225959078646e-02
9.604767830141142326e+00 6.472066599999996006e-01 1.655259999999998894e-03
9.956330330141142326e+00 -3.876251195000001815e+00 -9.913685920716116401e-03
1.030789283014114233e+01 -3.644487175999995721e+00 -9.320939069053697096e-03
1.065945533014114233e+01 -2.762789111999998326e+00 -7.065956808184138509e-03
1.101101783014114233e+01 -3.405436812000006697e+00 -8.709557063938635352e-03
1.136258033014114233e+01 9.035497269999995140e+00 2.310868867007671509e-02
1.171414283014114233e+01 -3.376987971999999338e+00 -8.636797882352938854e-03
1.206570533014114233e+01 -6.272659084999998136e+00 -1.604260635549871819e-02
1.241726783014114233e+01 4.991461241000003213e+00 1.276588552685422803e-02
1.276883033014114233e+01 4.392453375999997967e+00 1.123389610230178526e-02
1.312039283014114233e+01 -2.913057788399999737e+00 -7.450275673657288066e-03
1.347195533014114233e+01 5.728793359999998280e+00 1.465164542199488135e-02
1.382351783014114233e+01 5.066268909999998016e+00 1.295720948849104354e-02
1.417508033014114233e+01 3.737300717899999292e+00 9.558313856521737789e-03
1.452664283014114233e+01 3.280297292999999392e+00 8.389507143222504210e-03
1.487820533014114233e+01 -7.887738541000008929e-01 -2.017324435038365602e-03
1.522976783014114233e+01 1.766690169999998838e+00 4.518389181585674708e-03
1.558133033014114233e+01 1.699541162000000938e+00 4.346652588235296738e-03
1.593289283014114233e+01 3.689873971400000396e+00 9.437017829667519384e-03
1.628445533014114233e+01 2.075282751999998787e+00 5.307628521739127594e-03
1.663601783014114233e+01 -5.921155249999991987e-01 -1.514361956521737126e-03
1.698758033014114233e+01 -6.041404635000002799e+00 -1.545116274936062135e-02
1.733914283014114233e+01 4.876652100000003820e+00 1.247225601023018923e-02
1.769070533014114233e+01 3.357533611999999223e+00 8.587042485933501362e-03
1.804226783014114233e+01 -5.222790765999995699e+00 -1.335752114066495085e-02
1.839383033014114233e+01 1.155011333999999934e+01 2.953993181585677641e-02
1.874539283014114233e+01 4.826290234000000012e+00 1.234345328388746811e-02
1.909695533014114233e+01 1.275819743999998757e+00 3.262966097186697449e-03
1.944851783014114233e+01 2.627493347999997564e+00 6.719931836317129432e-03
1.980008033014114233e+01 -2.176066074299995989e+00 -5.565386379283877166e-03
2.015164283014114233e+01 -1.065150550000000029e+00 -2.724170204603580756e-03
2.050320533014114233e+01 -1.480379389000002988e+00 -3.786136544757040968e-03
2.085476783014114233e+01 1.371901317699998568e+00 3.508699022250635902e-03
2.120633033014114233e+01 -2.706925324999999827e+00 -6.923082672634270872e-03
2.155789283014114233e+01 -2.812048858999999457e+00 -7.191940815856776199e-03
2.190945533014114233e+01 5.925854959999997007e+00 1.515563928388746068e-02
2.226101783014114233e+01 6.640074000000006915e-01 1.698228644501280447e-03
2.261258033014114233e+01 -3.089940027000000811e+00 -7.902659915601024931e-03
2.296414283014114233e+01 4.826374979999999759e+00 1.234367002557544730e-02
2.331570533014114233e+01 5.646771063000001867e+00 1.444186972634271642e-02
2.366726783014114233e+01 2.000583694999998663e+00 5.116582340153449406e-03
2.401883033014114233e+01 -6.540293042999998363e+00 -1.672709218158567254e-02
2.437039283014114233e+01 1.273999693999998684e+00 3.258311237851659221e-03
2.472195533014114233e+01 1.887829129999988864e-01 4.828207493606109595e-04
2.507351783014114233e+01 1.766275511999998882e+00 4.517328675191813192e-03
2.542508033014114233e+01 3.609030413000001936e+00 9.230256810741693449e-03
2.577664283014114233e+01 -1.391387014999997618e+00 -3.558534565217385398e-03
2.612820533014114233e+01 -3.478801626000000535e+00 -8.897190859335039892e-03
2.647976783014114233e+01 4.903922079999971650e-01 1.254200020460350881e-03
2.683133033014114233e+01 5.979458118999996685e+00 1.529273176214832920e-02
2.718289283014114233e+01 -8.889180599999746413e-02 -2.273447723785101461e-04
2.753445533014114233e+01 -6.317061930000001269e+00 -1.615616861892583273e-02
2.788601783014114233e+01 4.228834419999998318e+00 1.081543329923273164e-02
2.823758033014114233e+01 8.286576748000001658e+00 2.119329091560102560e-02
2.858914283014114233e+01 -6.315491800000000433e-01 -1.615215294117647261e-03
2.894070533014114233e+01 2.571768719699999650e+00 6.577413605370842700e-03
2.929226783014114233e+01 2.011214513300003226e+00 5.143771133759598990e-03
2.964383033014114233e+01 -1.259455695300000855e+01 -3.221114310230181049e-02
2.999539283014114233e+01 4.894617150000000194e-01 1.251820242966752029e-03
3.034695533014114233e+01 -2.024094284000006017e+00 -5.176711723785181601e-03
3.069851783014114233e+01 -3.239308289999984214e-01 -8.284675933503796207e-04
3.105008033014114233e+01 4.519294239999999796e+00 1.155829728900255662e-02
3.140164283014114233e+01 5.583019149999996600e+00 1.427882135549871263e-02
3.175320533014114233e+01 6.067921350000008429e-01 1.551898043478262997e-03
3.210476783014114233e+01 -5.687890379999996249e+00 -1.454703421994883901e-02
3.245633033014114233e+01 1.722554350000001122e+00 4.405509846547317650e-03
3.280789283014114233e+01 4.933721859900010998e-01 1.261821447544759925e-03
3.315945533014114233e+01 -4.955883889999999958e+00 -1.267489485933503794e-02
3.351101783014114233e+01 1.871985836999999098e+00 4.787687562659844603e-03
3.386258033014114233e+01 2.868754354999998757e+00 7.336967659846544386e-03
3.421414283014114233e+01 1.967341110000001780e+00 5.031562941176475137e-03
3.456570533014114233e+01 6.642415509999998413e+00 1.698827496163682338e-02
3.491726783014114233e+01 1.854763713000000314e+00 4.743641209718671078e-03
3.526883033014114233e+01 -3.266829322999999619e+00 -8.355062207161124965e-03
3.562039283014114233e+01 -4.527876427999999009e+00 -1.158024661892582789e-02
3.597195533014114233e+01 1.699704502000001449e+00 4.347070337595911917e-03
3.632351783014114233e+01 -1.561592910000002110e+00 -3.993843759590798639e-03
3.667508033014114233e+01 -1.426263829999996791e+00 -3.647733580562651564e-03
3.702664283014114233e+01 -4.259899909000001372e+00 -1.089488467774936409e-02
3.737820533014114233e+01 -6.911017690000016422e-01 -1.767523705882357134e-03
3.772976783014114233e+01 -9.370855500000002891e+00 -2.396638235294118457e-02
3.808133033014114233e+01 6.870850297999993472e+00 1.757250715601021279e-02
3.843289283014114233e+01 4.151583684000009988e+00 1.061786108439900268e-02
3.878445533014114233e+01 -3.924745630000005203e+00 -1.003771260869566577e-02
3.913601783014114233e+01 -8.371395119999998080e-01 -2.141021769820971189e-03
3.948758033014114233e+01 4.917289342000001895e+00 1.257618757544757583e-02
3.983914283014114233e+01 -6.098404828319995197e+00 -1.559694329493604981e-02
4.019070533014114233e+01 -9.102428016999999372e+00 -2.327986705115089525e-02
4.054226783014114233e+01 4.126842748999999699e+00 1.055458503580562583e-02
4.089383033014114233e+01 7.596870489999996146e-01 1.942933629156009178e-03
4.124539283014114233e+01 -1.960554878000001056e+00 -5.014206849104862161e-03
4.159695533014114233e+01 1.095554821000001011e+00 2.801930488491051214e-03
4.194851783014114233e+01 3.188593959999998617e+00 8.154971764705878923e-03
4.230008033014114233e+01 -6.501087126000003380e+00 -1.662682129411765727e-02
4.265164283014114233e+01 2.895912660000002248e+00 7.406426240409213178e-03
4.300320533014114233e+01 -3.923051059999998813e+00 -1.003337867007672406e-02
4.335476783014114233e+01 -6.194580100000011136e-01 -1.584291585677752214e-03
4.370633033014114233e+01 7.554639069999998569e+00 1.932132754475703040e-02
4.405789283014114233e+01 -6.040367839999997379e+00 -1.544851109974423875e-02
4.440945533014114233e+01 -7.800964327000004417e+00 -1.995131541432226124e-02
4.476101783014114233e+01 2.959099074000000495e+00 7.568028322250640316e-03
4.511258033014114233e+01 2.478144589999999425e+00 6.337965703324806473e-03
4.546414283014114233e+01 -5.255789939999999660e+00 -1.344191800511508779e-02
4.581570533014114233e+01 3.613302504999997833e+00 9.241182877237845428e-03
4.616726783014114233e+01 2.243566720000000014e+00 5.738022301790281741e-03
4.651883033014114233e+01 -6.652787310000021215e-01 -1.701480130434787977e-03
4.687039283014114233e+01 3.009519620000015716e-01 7.696981125319732981e-04
4.722195533014114233e+01 -9.058783410000004199e-01 -2.316824401534527730e-03
4.757351783014114233e+01 -4.455473800000021578e-01 -1.139507365728905817e-03
4.792508033014114233e+01 4.034297440000020885e-01 1.031789626598470780e-03
4.827664283014114233e+01 -1.824818652300002064e+00 -4.667055376726347848e-03
4.862820533014114233e+01 3.305069618000000098e+00 8.452863473145780931e-03
4.897976783014114233e+01 2.845664115999997801e+00 7.277913340153446646e-03
4.933133033014114233e+01 -7.539150560000000389e+00 -1.928171498721227561e-02
4.968289283014114233e+01 -4.430229000999998945e+00 -1.133050895396419191e-02
5.003445533014114233e+01 -2.218705250000000184e+00 -5.674437979539642164e-03
5.038601783014114233e+01 9.395808399999997507e-01 2.403020051150894353e-03
5.073758033014114233e+01 -5.539166479999998671e+00 -1.416666618925830831e-02
5.108914283014114233e+01 4.200455689999997411e+00 1.074285342710996731e-02
5.144070533014114233e+01 8.090932778999997410e+00 2.069292270843989257e-02
5.179226783014114233e+01 -3.026212108499999776e+00 -7.739672911764704927e-03
5.214383033014114233e+01 3.452418639999999428e+00 8.829715191815854999e-03
5.249539283014114233e+01 -1.774925436000001078e+00 -4.539451242966754257e-03
5.284695533014114233e+01 -5.300916633999998240e+00 -1.355733154475702827e-02
5.319851783014114233e+01 1.091788724300003288e+00 2.792298527621491985e-03
5.355008033014114233e+01 5.100707693999999570e+00 1.304528821994884770e-02
5.390164283014114233e+01 -7.053681949999963674e-01 -1.804010728900246356e-03
5.425320533014114233e+01 -1.477854200000003893e-01 -3.779678260869575148e-04
5.460476783014114233e+01 -1.740552060000001067e+00 -4.451539795396422354e-03
5.495633033014114233e+01 -2.089389729999999279e+00 -5.343707749360612248e-03
5.530789283014114233e+01 1.602965500000000043e+00 4.099656010230178817e-03
5.565945533014114233e+01 1.482107715000000381e+00 3.790556815856778450e-03
5.601101783014114233e+01 1.087734703999969632e-01 2.781930189258234576e-04
5.636258033014114233e+01 -1.038614989400000077e+01 -2.656304320716112652e-02
5.671414283014114233e+01 6.227099350999999672e+00 1.592608529667519091e-02
5.706570533014114233e+01 -5.013721464999999711e+00 -1.282281704603580562e-02
5.741726783014114233e+01 8.083569860000002549e+00 2.067409171355499495e-02
5.776883033014114233e+01 5.569124911999997707e+00 1.424328621994884296e-02
5.812039283014114233e+01 3.526360509999999504e+00 9.018824833759589085e-03
5.847195533014114233e+01 5.525816410000021772e-01 1.413252278772384124e-03
5.882351783014114233e+01 1.217838299999999485e+00 3.114675959079282481e-03
5.917508033014114233e+01 -4.775966390000006001e-01 -1.221474780051152531e-03
5.952664283014114233e+01 7.488192299999989476e-01 1.915138695652171324e-03
5.987820533014114233e+01 2.801459645999996972e+00 7.164858429667511283e-03
6.022976783014114233e+01 3.864199635999999938e+00 9.882863519181585288e-03
6.058133033014114233e+01 -7.096822248000001387e+00 -1.815044053196931267e-02
6.093289283014114233e+01 7.117595966000007657e+00 1.820357024552431494e-02
6.128445533014114233e+01 9.728828660000001349e+00 2.488191473145780555e-02
6.163601783014114233e+01 1.441579979000001899e+00 3.686905317135554666e-03
6.198758033014114233e+01 3.789420581000024768e-01 9.691612739130498616e-04
6.233914283014114233e+01 -1.068357639999999886e+00 -2.732372480818414003e-03
6.269070533014114233e+01 7.935824925000001251e+00 2.029622742966752380e-02
6.304226783014114233e+01 -1.072042155999998414e+00 -2.741795795396415394e-03
6.339383033014114233e+01 -3.341346742999999009e+00 -8.545643843989767299e-03
6.374539283014114233e+01 -6.445829867999998797e+00 -1.648549838363171094e-02
6.409695533014114233e+01 1.212425067000000301e+00 3.100831373401535460e-03
6.444851783014114233e+01 -4.258867143990003434e+00 -1.089224333501279639e-02
6.480008033014114233e+01 5.966026179999991408e-01 1.525837897698207593e-03
6.515164283014114233e+01 -3.691612844999998089e+00 -9.441465076726338404e-03
6.550320533014114233e+01 -3.094672139999998794e+00 -7.914762506393859670e-03
6.585476783014114233e+01 -1.592966125000000455e+00 -4.074082161125321122e-03
6.620633033014114233e+01 -2.710387201000022950e-01 -6.931936575447629305e-04
6.655789283014114233e+01 2.845888497000000683e+00 7.278487204603582492e-03
6.690945533014114233e+01 2.577377972999997269e+00 6.591759521739123245e-03
6.726101783014114233e+01 -7.093947810999996939e+00 -1.814308903069052764e-02
6.761258033014114233e+01 2.720969195999999979e+00 6.959000501278772739e-03
6.796414283014114233e+01 6.121414210999997607e+00 1.565579082097185923e-02
6.831570533014114233e+01 2.064049155000002411e+00 5.278898094629161895e-03
6.866726783014114233e+01 -2.952385420000000593e+00 -7.550857851662405758e-03
6.901883033014114233e+01 5.653411359999997110e+00 1.445885258312019743e-02
6.937039283014114233e+01 3.799987459999999651e+00 9.718638005115088838e-03
6.972195533014114233e+01 7.154927650000002526e-01 1.829904769820972412e-03
7.007351783014114233e+01 4.921783430000003179e+00 1.258768140664962530e-02
7.042508033014114233e+01 1.818248435000001662e-01 4.650251751918162819e-04
7.077664283014114233e+01 9.467888780000008886e-01 2.421454930946293979e-03
7.112820533014114233e+01 -2.282086259999998923e+00 -5.836537749360611038e-03
7.147976783014114233e+01 1.141046251999999095e+00 2.918276859335035885e-03
7.183133033014114233e+01 -1.343648599999997195e+00 -3.436441432225056675e-03
7.218289283014114233e+01 6.492099906000005305e+00 1.660383607672635473e-02
