# Profile of mode N
# Total number of pulses = 0Pulse phase (deg) | Summed flux density | Mean flux density
-9.569759630296810826e+01 0.000000000000000000e+00 nan
-9.534603380296810826e+01 0.000000000000000000e+00 nan
-9.499447130296810826e+01 0.000000000000000000e+00 nan
-9.464290880296810826e+01 0.000000000000000000e+00 nan
-9.429134630296810826e+01 0.000000000000000000e+00 nan
-9.393978380296810826e+01 0.000000000000000000e+00 nan
-9.358822130296810826e+01 0.000000000000000000e+00 nan
-9.323665880296810826e+01 0.000000000000000000e+00 nan
-9.288509630296810826e+01 0.000000000000000000e+00 nan
-9.253353380296810826e+01 0.000000000000000000e+00 nan
-9.218197130296810826e+01 0.000000000000000000e+00 nan
-9.183040880296810826e+01 0.000000000000000000e+00 nan
-9.147884630296810826e+01 0.000000000000000000e+00 nan
-9.112728380296810826e+01 0.000000000000000000e+00 nan
-9.077572130296810826e+01 0.000000000000000000e+00 nan
-9.042415880296810826e+01 0.000000000000000000e+00 nan
-9.007259630296810826e+01 0.000000000000000000e+00 nan
-8.972103380296810826e+01 0.000000000000000000e+00 nan
-8.936947130296810826e+01 0.000000000000000000e+00 nan
-8.901790880296810826e+01 0.000000000000000000e+00 nan
-8.866634630296810826e+01 0.000000000000000000e+00 nan
-8.831478380296810826e+01 0.000000000000000000e+00 nan
-8.796322130296810826e+01 0.000000000000000000e+00 nan
-8.761165880296810826e+01 0.000000000000000000e+00 nan
-8.726009630296810826e+01 0.000000000000000000e+00 nan
-8.690853380296810826e+01 0.000000000000000000e+00 nan
-8.655697130296810826e+01 0.000000000000000000e+00 nan
-8.620540880296810826e+01 0.000000000000000000e+00 nan
-8.585384630296810826e+01 0.000000000000000000e+00 nan
-8.550228380296810826e+01 0.000000000000000000e+00 nan
-8.515072130296810826e+01 0.000000000000000000e+00 nan
-8.479915880296810826e+01 0.000000000000000000e+00 nan
-8.444759630296810826e+01 0.000000000000000000e+00 nan
-8.409603380296810826e+01 0.000000000000000000e+00 nan
-8.374447130296810826e+01 0.000000000000000000e+00 nan
-8.339290880296810826e+01 0.000000000000000000e+00 nan
-8.304134630296810826e+01 0.000000000000000000e+00 nan
-8.268978380296810826e+01 0.000000000000000000e+00 nan
-8.233822130296810826e+01 0.000000000000000000e+00 nan
-8.198665880296810826e+01 0.000000000000000000e+00 nan
-8.163509630296810826e+01 0.000000000000000000e+00 nan
-8.128353380296810826e+01 0.000000000000000000e+00 nan
-8.093197130296810826e+01 0.000000000000000000e+00 nan
-8.058040880296810826e+01 0.000000000000000000e+00 nan
-8.022884630296810826e+01 0.000000000000000000e+00 nan
-7.987728380296810826e+01 0.000000000000000000e+00 nan
-7.952572130296810826e+01 0.000000000000000000e+00 nan
-7.917415880296810826e+01 0.000000000000000000e+00 nan
-7.882259630296810826e+01 0.000000000000000000e+00 nan
-7.847103380296810826e+01 0.000000000000000000e+00 nan
-7.811947130296810826e+01 0.000000000000000000e+00 nan
-7.776790880296810826e+01 0.000000000000000000e+00 nan
-7.741634630296810826e+01 0.000000000000000000e+00 nan
-7.706478380296810826e+01 0.000000000000000000e+00 nan
-7.671322130296810826e+01 0.000000000000000000e+00 nan
-7.636165880296810826e+01 0.000000000000000000e+00 nan
-7.601009630296810826e+01 0.000000000000000000e+00 nan
-7.565853380296810826e+01 0.000000000000000000e+00 nan
-7.530697130296810826e+01 0.000000000000000000e+00 nan
-7.495540880296810826e+01 0.000000000000000000e+00 nan
-7.460384630296810826e+01 0.000000000000000000e+00 nan
-7.425228380296810826e+01 0.000000000000000000e+00 nan
-7.390072130296810826e+01 0.000000000000000000e+00 nan
-7.354915880296810826e+01 0.000000000000000000e+00 nan
-7.319759630296810826e+01 0.000000000000000000e+00 nan
-7.284603380296810826e+01 0.000000000000000000e+00 nan
-7.249447130296810826e+01 0.000000000000000000e+00 nan
-7.214290880296810826e+01 0.000000000000000000e+00 nan
-7.179134630296810826e+01 0.000000000000000000e+00 nan
-7.143978380296810826e+01 0.000000000000000000e+00 nan
-7.108822130296810826e+01 0.000000000000000000e+00 nan
-7.073665880296810826e+01 0.000000000000000000e+00 nan
-7.038509630296810826e+01 0.000000000000000000e+00 nan
-7.003353380296810826e+01 0.000000000000000000e+00 nan
-6.968197130296810826e+01 0.000000000000000000e+00 nan
-6.933040880296810826e+01 0.000000000000000000e+00 nan
-6.897884630296810826e+01 0.000000000000000000e+00 nan
-6.862728380296810826e+01 0.000000000000000000e+00 nan
-6.827572130296810826e+01 0.000000000000000000e+00 nan
-6.792415880296810826e+01 0.000000000000000000e+00 nan
-6.757259630296810826e+01 0.000000000000000000e+00 nan
-6.722103380296810826e+01 0.000000000000000000e+00 nan
-6.686947130296810826e+01 0.000000000000000000e+00 nan
-6.651790880296810826e+01 0.000000000000000000e+00 nan
-6.616634630296810826e+01 0.000000000000000000e+00 nan
-6.581478380296810826e+01 0.000000000000000000e+00 nan
-6.546322130296810826e+01 0.000000000000000000e+00 nan
-6.511165880296810826e+01 0.000000000000000000e+00 nan
-6.476009630296810826e+01 0.000000000000000000e+00 nan
-6.440853380296810826e+01 0.000000000000000000e+00 nan
-6.405697130296810826e+01 0.000000000000000000e+00 nan
-6.370540880296810826e+01 0.000000000000000000e+00 nan
-6.335384630296810826e+01 0.000000000000000000e+00 nan
-6.300228380296810826e+01 0.000000000000000000e+00 nan
-6.265072130296810826e+01 0.000000000000000000e+00 nan
-6.229915880296810826e+01 0.000000000000000000e+00 nan
-6.194759630296810826e+01 0.000000000000000000e+00 nan
-6.159603380296810826e+01 0.000000000000000000e+00 nan
-6.124447130296810826e+01 0.000000000000000000e+00 nan
-6.089290880296810826e+01 0.000000000000000000e+00 nan
-6.054134630296810826e+01 0.000000000000000000e+00 nan
-6.018978380296810826e+01 0.000000000000000000e+00 nan
-5.983822130296810826e+01 0.000000000000000000e+00 nan
-5.948665880296810826e+01 0.000000000000000000e+00 nan
-5.913509630296810826e+01 0.000000000000000000e+00 nan
-5.878353380296810826e+01 0.000000000000000000e+00 nan
-5.843197130296810826e+01 0.000000000000000000e+00 nan
-5.808040880296810826e+01 0.000000000000000000e+00 nan
-5.772884630296810826e+01 0.000000000000000000e+00 nan
-5.737728380296810826e+01 0.000000000000000000e+00 nan
-5.702572130296810826e+01 0.000000000000000000e+00 nan
-5.667415880296810826e+01 0.000000000000000000e+00 nan
-5.632259630296810826e+01 0.000000000000000000e+00 nan
-5.597103380296810826e+01 0.000000000000000000e+00 nan
-5.561947130296810826e+01 0.000000000000000000e+00 nan
-5.526790880296810826e+01 0.000000000000000000e+00 nan
-5.491634630296810826e+01 0.000000000000000000e+00 nan
-5.456478380296810826e+01 0.000000000000000000e+00 nan
-5.421322130296810826e+01 0.000000000000000000e+00 nan
-5.386165880296810826e+01 0.000000000000000000e+00 nan
-5.351009630296810826e+01 0.000000000000000000e+00 nan
-5.315853380296810826e+01 0.000000000000000000e+00 nan
-5.280697130296810826e+01 0.000000000000000000e+00 nan
-5.245540880296810826e+01 0.000000000000000000e+00 nan
-5.210384630296810826e+01 0.000000000000000000e+00 nan
-5.175228380296810826e+01 0.000000000000000000e+00 nan
-5.140072130296810826e+01 0.000000000000000000e+00 nan
-5.104915880296810826e+01 0.000000000000000000e+00 nan
-5.069759630296810826e+01 0.000000000000000000e+00 nan
-5.034603380296810826e+01 0.000000000000000000e+00 nan
-4.999447130296810826e+01 0.000000000000000000e+00 nan
-4.964290880296810826e+01 0.000000000000000000e+00 nan
-4.929134630296810826e+01 0.000000000000000000e+00 nan
-4.893978380296810826e+01 0.000000000000000000e+00 nan
-4.858822130296810826e+01 0.000000000000000000e+00 nan
-4.823665880296810826e+01 0.000000000000000000e+00 nan
-4.788509630296810826e+01 0.000000000000000000e+00 nan
-4.753353380296810826e+01 0.000000000000000000e+00 nan
-4.718197130296810826e+01 0.000000000000000000e+00 nan
-4.683040880296810826e+01 0.000000000000000000e+00 nan
-4.647884630296810826e+01 0.000000000000000000e+00 nan
-4.612728380296810826e+01 0.000000000000000000e+00 nan
-4.577572130296810826e+01 0.000000000000000000e+00 nan
-4.542415880296810826e+01 0.000000000000000000e+00 nan
-4.507259630296810826e+01 0.000000000000000000e+00 nan
-4.472103380296810826e+01 0.000000000000000000e+00 nan
-4.436947130296810826e+01 0.000000000000000000e+00 nan
-4.401790880296810826e+01 0.000000000000000000e+00 nan
-4.366634630296810826e+01 0.000000000000000000e+00 nan
-4.331478380296810826e+01 0.000000000000000000e+00 nan
-4.296322130296810826e+01 0.000000000000000000e+00 nan
-4.261165880296810826e+01 0.000000000000000000e+00 nan
-4.226009630296810826e+01 0.000000000000000000e+00 nan
-4.190853380296810826e+01 0.000000000000000000e+00 nan
-4.155697130296810826e+01 0.000000000000000000e+00 nan
-4.120540880296810826e+01 0.000000000000000000e+00 nan
-4.085384630296810826e+01 0.000000000000000000e+00 nan
-4.050228380296810826e+01 0.000000000000000000e+00 nan
-4.015072130296810826e+01 0.000000000000000000e+00 nan
-3.979915880296810826e+01 0.000000000000000000e+00 nan
-3.944759630296810826e+01 0.000000000000000000e+00 nan
-3.909603380296810826e+01 0.000000000000000000e+00 nan
-3.874447130296810826e+01 0.000000000000000000e+00 nan
-3.839290880296810826e+01 0.000000000000000000e+00 nan
-3.804134630296810826e+01 0.000000000000000000e+00 nan
-3.768978380296810826e+01 0.000000000000000000e+00 nan
-3.733822130296810826e+01 0.000000000000000000e+00 nan
-3.698665880296810826e+01 0.000000000000000000e+00 nan
-3.663509630296810826e+01 0.000000000000000000e+00 nan
-3.628353380296810826e+01 0.000000000000000000e+00 nan
-3.593197130296810826e+01 0.000000000000000000e+00 nan
-3.558040880296810826e+01 0.000000000000000000e+00 nan
-3.522884630296810826e+01 0.000000000000000000e+00 nan
-3.487728380296810826e+01 0.000000000000000000e+00 nan
-3.452572130296810826e+01 0.000000000000000000e+00 nan
-3.417415880296810826e+01 0.000000000000000000e+00 nan
-3.382259630296810826e+01 0.000000000000000000e+00 nan
-3.347103380296810826e+01 0.000000000000000000e+00 nan
-3.311947130296810826e+01 0.000000000000000000e+00 nan
-3.276790880296810826e+01 0.000000000000000000e+00 nan
-3.241634630296810826e+01 0.000000000000000000e+00 nan
-3.206478380296810826e+01 0.000000000000000000e+00 nan
-3.171322130296810826e+01 0.000000000000000000e+00 nan
-3.136165880296810826e+01 0.000000000000000000e+00 nan
-3.101009630296810826e+01 0.000000000000000000e+00 nan
-3.065853380296810826e+01 0.000000000000000000e+00 nan
-3.030697130296810826e+01 0.000000000000000000e+00 nan
-2.995540880296810826e+01 0.000000000000000000e+00 nan
-2.960384630296810826e+01 0.000000000000000000e+00 nan
-2.925228380296810826e+01 0.000000000000000000e+00 nan
-2.890072130296810826e+01 0.000000000000000000e+00 nan
-2.854915880296810826e+01 0.000000000000000000e+00 nan
-2.819759630296810826e+01 0.000000000000000000e+00 nan
-2.784603380296810826e+01 0.000000000000000000e+00 nan
-2.749447130296810826e+01 0.000000000000000000e+00 nan
-2.714290880296810826e+01 0.000000000000000000e+00 nan
-2.679134630296810826e+01 0.000000000000000000e+00 nan
-2.643978380296810826e+01 0.000000000000000000e+00 nan
-2.608822130296810826e+01 0.000000000000000000e+00 nan
-2.573665880296810826e+01 0.000000000000000000e+00 nan
-2.538509630296810826e+01 0.000000000000000000e+00 nan
-2.503353380296810826e+01 0.000000000000000000e+00 nan
-2.468197130296810826e+01 0.000000000000000000e+00 nan
-2.433040880296810826e+01 0.000000000000000000e+00 nan
-2.397884630296810826e+01 0.000000000000000000e+00 nan
-2.362728380296810826e+01 0.000000000000000000e+00 nan
-2.327572130296810826e+01 0.000000000000000000e+00 nan
-2.292415880296810826e+01 0.000000000000000000e+00 nan
-2.257259630296810826e+01 0.000000000000000000e+00 nan
-2.222103380296810826e+01 0.000000000000000000e+00 nan
-2.186947130296810826e+01 0.000000000000000000e+00 nan
-2.151790880296810826e+01 0.000000000000000000e+00 nan
-2.116634630296810826e+01 0.000000000000000000e+00 nan
-2.081478380296810826e+01 0.000000000000000000e+00 nan
-2.046322130296810826e+01 0.000000000000000000e+00 nan
-2.011165880296810826e+01 0.000000000000000000e+00 nan
-1.976009630296810826e+01 0.000000000000000000e+00 nan
-1.940853380296810826e+01 0.000000000000000000e+00 nan
-1.905697130296810826e+01 0.000000000000000000e+00 nan
-1.870540880296810826e+01 0.000000000000000000e+00 nan
-1.835384630296810826e+01 0.000000000000000000e+00 nan
-1.800228380296810826e+01 0.000000000000000000e+00 nan
-1.765072130296810826e+01 0.000000000000000000e+00 nan
-1.729915880296810826e+01 0.000000000000000000e+00 nan
-1.694759630296810826e+01 0.000000000000000000e+00 nan
-1.659603380296810826e+01 0.000000000000000000e+00 nan
-1.624447130296810826e+01 0.000000000000000000e+00 nan
-1.589290880296810826e+01 0.000000000000000000e+00 nan
-1.554134630296810826e+01 0.000000000000000000e+00 nan
-1.518978380296810826e+01 0.000000000000000000e+00 nan
-1.483822130296810826e+01 0.000000000000000000e+00 nan
-1.448665880296810826e+01 0.000000000000000000e+00 nan
-1.413509630296810826e+01 0.000000000000000000e+00 nan
-1.378353380296810826e+01 0.000000000000000000e+00 nan
-1.343197130296810826e+01 0.000000000000000000e+00 nan
-1.308040880296810826e+01 0.000000000000000000e+00 nan
-1.272884630296810826e+01 0.000000000000000000e+00 nan
-1.237728380296810826e+01 0.000000000000000000e+00 nan
-1.202572130296810826e+01 0.000000000000000000e+00 nan
-1.167415880296810826e+01 0.000000000000000000e+00 nan
-1.132259630296810826e+01 0.000000000000000000e+00 nan
-1.097103380296810826e+01 0.000000000000000000e+00 nan
-1.061947130296810826e+01 0.000000000000000000e+00 nan
-1.026790880296810826e+01 0.000000000000000000e+00 nan
-9.916346302968108262e+00 0.000000000000000000e+00 nan
-9.564783802968108262e+00 0.000000000000000000e+00 nan
-9.213221302968108262e+00 0.000000000000000000e+00 nan
-8.861658802968108262e+00 0.000000000000000000e+00 nan
-8.510096302968108262e+00 0.000000000000000000e+00 nan
-8.158533802968108262e+00 0.000000000000000000e+00 nan
-7.806971302968108262e+00 0.000000000000000000e+00 nan
-7.455408802968108262e+00 0.000000000000000000e+00 nan
-7.103846302968108262e+00 0.000000000000000000e+00 nan
-6.752283802968108262e+00 0.000000000000000000e+00 nan
-6.400721302968108262e+00 0.000000000000000000e+00 nan
-6.049158802968108262e+00 0.000000000000000000e+00 nan
-5.697596302968108262e+00 0.000000000000000000e+00 nan
-5.346033802968108262e+00 0.000000000000000000e+00 nan
-4.994471302968108262e+00 0.000000000000000000e+00 nan
-4.642908802968108262e+00 0.000000000000000000e+00 nan
-4.291346302968108262e+00 0.000000000000000000e+00 nan
-3.939783802968108262e+00 0.000000000000000000e+00 nan
-3.588221302968108262e+00 0.000000000000000000e+00 nan
-3.236658802968108262e+00 0.000000000000000000e+00 nan
-2.885096302968108262e+00 0.000000000000000000e+00 nan
-2.533533802968108262e+00 0.000000000000000000e+00 nan
-2.181971302968108262e+00 0.000000000000000000e+00 nan
-1.830408802968108262e+00 0.000000000000000000e+00 nan
-1.478846302968108262e+00 0.000000000000000000e+00 nan
-1.127283802968108262e+00 0.000000000000000000e+00 nan
-7.757213029681082617e-01 0.000000000000000000e+00 nan
-4.241588029681082617e-01 0.000000000000000000e+00 nan
-7.259630296810826167e-02 0.000000000000000000e+00 nan
2.789661970318917383e-01 0.000000000000000000e+00 nan
6.305286970318917383e-01 0.000000000000000000e+00 nan
9.820911970318917383e-01 0.000000000000000000e+00 nan
1.333653697031891738e+00 0.000000000000000000e+00 nan
1.685216197031891738e+00 0.000000000000000000e+00 nan
2.036778697031891738e+00 0.000000000000000000e+00 nan
2.388341197031891738e+00 0.000000000000000000e+00 nan
2.739903697031891738e+00 0.000000000000000000e+00 nan
3.091466197031891738e+00 0.000000000000000000e+00 nan
3.443028697031891738e+00 0.000000000000000000e+00 nan
3.794591197031891738e+00 0.000000000000000000e+00 nan
4.146153697031891738e+00 0.000000000000000000e+00 nan
4.497716197031891738e+00 0.000000000000000000e+00 nan
4.849278697031891738e+00 0.000000000000000000e+00 nan
5.200841197031891738e+00 0.000000000000000000e+00 nan
5.552403697031891738e+00 0.000000000000000000e+00 nan
5.903966197031891738e+00 0.000000000000000000e+00 nan
6.255528697031891738e+00 0.000000000000000000e+00 nan
6.607091197031891738e+00 0.000000000000000000e+00 nan
6.958653697031891738e+00 0.000000000000000000e+00 nan
7.310216197031891738e+00 0.000000000000000000e+00 nan
7.661778697031891738e+00 0.000000000000000000e+00 nan
8.013341197031891738e+00 0.000000000000000000e+00 nan
8.364903697031891738e+00 0.000000000000000000e+00 nan
8.716466197031891738e+00 0.000000000000000000e+00 nan
9.068028697031891738e+00 0.000000000000000000e+00 nan
9.419591197031891738e+00 0.000000000000000000e+00 nan
9.771153697031891738e+00 0.000000000000000000e+00 nan
1.012271619703189174e+01 0.000000000000000000e+00 nan
1.047427869703189174e+01 0.000000000000000000e+00 nan
1.082584119703189174e+01 0.000000000000000000e+00 nan
1.117740369703189174e+01 0.000000000000000000e+00 nan
1.152896619703189174e+01 0.000000000000000000e+00 nan
1.188052869703189174e+01 0.000000000000000000e+00 nan
1.223209119703189174e+01 0.000000000000000000e+00 nan
1.258365369703189174e+01 0.000000000000000000e+00 nan
1.293521619703189174e+01 0.000000000000000000e+00 nan
1.328677869703189174e+01 0.000000000000000000e+00 nan
1.363834119703189174e+01 0.000000000000000000e+00 nan
1.398990369703189174e+01 0.000000000000000000e+00 nan
1.434146619703189174e+01 0.000000000000000000e+00 nan
1.469302869703189174e+01 0.000000000000000000e+00 nan
1.504459119703189174e+01 0.000000000000000000e+00 nan
1.539615369703189174e+01 0.000000000000000000e+00 nan
1.574771619703189174e+01 0.000000000000000000e+00 nan
1.609927869703189174e+01 0.000000000000000000e+00 nan
1.645084119703189174e+01 0.000000000000000000e+00 nan
1.680240369703189174e+01 0.000000000000000000e+00 nan
1.715396619703189174e+01 0.000000000000000000e+00 nan
1.750552869703189174e+01 0.000000000000000000e+00 nan
1.785709119703189174e+01 0.000000000000000000e+00 nan
1.820865369703189174e+01 0.000000000000000000e+00 nan
1.856021619703189174e+01 0.000000000000000000e+00 nan
1.891177869703189174e+01 0.000000000000000000e+00 nan
1.926334119703189174e+01 0.000000000000000000e+00 nan
1.961490369703189174e+01 0.000000000000000000e+00 nan
1.996646619703189174e+01 0.000000000000000000e+00 nan
2.031802869703189174e+01 0.000000000000000000e+00 nan
2.066959119703189174e+01 0.000000000000000000e+00 nan
2.102115369703189174e+01 0.000000000000000000e+00 nan
2.137271619703189174e+01 0.000000000000000000e+00 nan
2.172427869703189174e+01 0.000000000000000000e+00 nan
2.207584119703189174e+01 0.000000000000000000e+00 nan
2.242740369703189174e+01 0.000000000000000000e+00 nan
2.277896619703189174e+01 0.000000000000000000e+00 nan
2.313052869703189174e+01 0.000000000000000000e+00 nan
2.348209119703189174e+01 0.000000000000000000e+00 nan
2.383365369703189174e+01 0.000000000000000000e+00 nan
2.418521619703189174e+01 0.000000000000000000e+00 nan
2.453677869703189174e+01 0.000000000000000000e+00 nan
2.488834119703189174e+01 0.000000000000000000e+00 nan
2.523990369703189174e+01 0.000000000000000000e+00 nan
2.559146619703189174e+01 0.000000000000000000e+00 nan
2.594302869703189174e+01 0.000000000000000000e+00 nan
2.629459119703189174e+01 0.000000000000000000e+00 nan
2.664615369703189174e+01 0.000000000000000000e+00 nan
2.699771619703189174e+01 0.000000000000000000e+00 nan
2.734927869703189174e+01 0.000000000000000000e+00 nan
2.770084119703189174e+01 0.000000000000000000e+00 nan
2.805240369703189174e+01 0.000000000000000000e+00 nan
2.840396619703189174e+01 0.000000000000000000e+00 nan
2.875552869703189174e+01 0.000000000000000000e+00 nan
2.910709119703189174e+01 0.000000000000000000e+00 nan
2.945865369703189174e+01 0.000000000000000000e+00 nan
2.981021619703189174e+01 0.000000000000000000e+00 nan
3.016177869703189174e+01 0.000000000000000000e+00 nan
3.051334119703189174e+01 0.000000000000000000e+00 nan
3.086490369703189174e+01 0.000000000000000000e+00 nan
3.121646619703189174e+01 0.000000000000000000e+00 nan
3.156802869703189174e+01 0.000000000000000000e+00 nan
3.191959119703189174e+01 0.000000000000000000e+00 nan
3.227115369703189174e+01 0.000000000000000000e+00 nan
3.262271619703189174e+01 0.000000000000000000e+00 nan
3.297427869703189174e+01 0.000000000000000000e+00 nan
3.332584119703189174e+01 0.000000000000000000e+00 nan
3.367740369703189174e+01 0.000000000000000000e+00 nan
3.402896619703189174e+01 0.000000000000000000e+00 nan
3.438052869703189174e+01 0.000000000000000000e+00 nan
3.473209119703189174e+01 0.000000000000000000e+00 nan
3.508365369703189174e+01 0.000000000000000000e+00 nan
3.543521619703189174e+01 0.000000000000000000e+00 nan
3.578677869703189174e+01 0.000000000000000000e+00 nan
3.613834119703189174e+01 0.000000000000000000e+00 nan
3.648990369703189174e+01 0.000000000000000000e+00 nan
3.684146619703189174e+01 0.000000000000000000e+00 nan
3.719302869703189174e+01 0.000000000000000000e+00 nan
3.754459119703189174e+01 0.000000000000000000e+00 nan
3.789615369703189174e+01 0.000000000000000000e+00 nan
3.824771619703189174e+01 0.000000000000000000e+00 nan
3.859927869703189174e+01 0.000000000000000000e+00 nan
3.895084119703189174e+01 0.000000000000000000e+00 nan
3.930240369703189174e+01 0.000000000000000000e+00 nan
3.965396619703189174e+01 0.000000000000000000e+00 nan
4.000552869703189174e+01 0.000000000000000000e+00 nan
4.035709119703189174e+01 0.000000000000000000e+00 nan
4.070865369703189174e+01 0.000000000000000000e+00 nan
4.106021619703189174e+01 0.000000000000000000e+00 nan
4.141177869703189174e+01 0.000000000000000000e+00 nan
4.176334119703189174e+01 0.000000000000000000e+00 nan
4.211490369703189174e+01 0.000000000000000000e+00 nan
4.246646619703189174e+01 0.000000000000000000e+00 nan
4.281802869703189174e+01 0.000000000000000000e+00 nan
4.316959119703189174e+01 0.000000000000000000e+00 nan
4.352115369703189174e+01 0.000000000000000000e+00 nan
4.387271619703189174e+01 0.000000000000000000e+00 nan
4.422427869703189174e+01 0.000000000000000000e+00 nan
4.457584119703189174e+01 0.000000000000000000e+00 nan
4.492740369703189174e+01 0.000000000000000000e+00 nan
4.527896619703189174e+01 0.000000000000000000e+00 nan
4.563052869703189174e+01 0.000000000000000000e+00 nan
4.598209119703189174e+01 0.000000000000000000e+00 nan
4.633365369703189174e+01 0.000000000000000000e+00 nan
4.668521619703189174e+01 0.000000000000000000e+00 nan
4.703677869703189174e+01 0.000000000000000000e+00 nan
4.738834119703189174e+01 0.000000000000000000e+00 nan
4.773990369703189174e+01 0.000000000000000000e+00 nan
4.809146619703189174e+01 0.000000000000000000e+00 nan
4.844302869703189174e+01 0.000000000000000000e+00 nan
4.879459119703189174e+01 0.000000000000000000e+00 nan
4.914615369703189174e+01 0.000000000000000000e+00 nan
4.949771619703189174e+01 0.000000000000000000e+00 nan
4.984927869703189174e+01 0.000000000000000000e+00 nan
5.020084119703189174e+01 0.000000000000000000e+00 nan
5.055240369703189174e+01 0.000000000000000000e+00 nan
5.090396619703189174e+01 0.000000000000000000e+00 nan
5.125552869703189174e+01 0.000000000000000000e+00 nan
5.160709119703189174e+01 0.000000000000000000e+00 nan
5.195865369703189174e+01 0.000000000000000000e+00 nan
5.231021619703189174e+01 0.000000000000000000e+00 nan
5.266177869703189174e+01 0.000000000000000000e+00 nan
5.301334119703189174e+01 0.000000000000000000e+00 nan
5.336490369703189174e+01 0.000000000000000000e+00 nan
5.371646619703189174e+01 0.000000000000000000e+00 nan
5.406802869703189174e+01 0.000000000000000000e+00 nan
5.441959119703189174e+01 0.000000000000000000e+00 nan
5.477115369703189174e+01 0.000000000000000000e+00 nan
5.512271619703189174e+01 0.000000000000000000e+00 nan
5.547427869703189174e+01 0.000000000000000000e+00 nan
5.582584119703189174e+01 0.000000000000000000e+00 nan
5.617740369703189174e+01 0.000000000000000000e+00 nan
5.652896619703189174e+01 0.000000000000000000e+00 nan
5.688052869703189174e+01 0.000000000000000000e+00 nan
5.723209119703189174e+01 0.000000000000000000e+00 nan
5.758365369703189174e+01 0.000000000000000000e+00 nan
5.793521619703189174e+01 0.000000000000000000e+00 nan
5.828677869703189174e+01 0.000000000000000000e+00 nan
5.863834119703189174e+01 0.000000000000000000e+00 nan
5.898990369703189174e+01 0.000000000000000000e+00 nan
5.934146619703189174e+01 0.000000000000000000e+00 nan
5.969302869703189174e+01 0.000000000000000000e+00 nan
6.004459119703189174e+01 0.000000000000000000e+00 nan
6.039615369703189174e+01 0.000000000000000000e+00 nan
6.074771619703189174e+01 0.000000000000000000e+00 nan
6.109927869703189174e+01 0.000000000000000000e+00 nan
6.145084119703189174e+01 0.000000000000000000e+00 nan
6.180240369703189174e+01 0.000000000000000000e+00 nan
6.215396619703189174e+01 0.000000000000000000e+00 nan
6.250552869703189174e+01 0.000000000000000000e+00 nan
6.285709119703189174e+01 0.000000000000000000e+00 nan
6.320865369703189174e+01 0.000000000000000000e+00 nan
6.356021619703189174e+01 0.000000000000000000e+00 nan
6.391177869703189174e+01 0.000000000000000000e+00 nan
6.426334119703189174e+01 0.000000000000000000e+00 nan
6.461490369703189174e+01 0.000000000000000000e+00 nan
6.496646619703189174e+01 0.000000000000000000e+00 nan
6.531802869703189174e+01 0.000000000000000000e+00 nan
6.566959119703189174e+01 0.000000000000000000e+00 nan
6.602115369703189174e+01 0.000000000000000000e+00 nan
6.637271619703189174e+01 0.000000000000000000e+00 nan
6.672427869703189174e+01 0.000000000000000000e+00 nan
6.707584119703189174e+01 0.000000000000000000e+00 nan
6.742740369703189174e+01 0.000000000000000000e+00 nan
6.777896619703189174e+01 0.000000000000000000e+00 nan
6.813052869703189174e+01 0.000000000000000000e+00 nan
6.848209119703189174e+01 0.000000000000000000e+00 nan
6.883365369703189174e+01 0.000000000000000000e+00 nan
6.918521619703189174e+01 0.000000000000000000e+00 nan
6.953677869703189174e+01 0.000000000000000000e+00 nan
6.988834119703189174e+01 0.000000000000000000e+00 nan
7.023990369703189174e+01 0.000000000000000000e+00 nan
7.059146619703189174e+01 0.000000000000000000e+00 nan
7.094302869703189174e+01 0.000000000000000000e+00 nan
7.129459119703189174e+01 0.000000000000000000e+00 nan
7.164615369703189174e+01 0.000000000000000000e+00 nan
7.199771619703189174e+01 0.000000000000000000e+00 nan
7.234927869703189174e+01 0.000000000000000000e+00 nan
7.270084119703189174e+01 0.000000000000000000e+00 nan
7.305240369703189174e+01 0.000000000000000000e+00 nan
7.340396619703189174e+01 0.000000000000000000e+00 nan
7.375552869703189174e+01 0.000000000000000000e+00 nan
7.410709119703189174e+01 0.000000000000000000e+00 nan
7.445865369703189174e+01 0.000000000000000000e+00 nan
7.481021619703189174e+01 0.000000000000000000e+00 nan
7.516177869703189174e+01 0.000000000000000000e+00 nan
7.551334119703189174e+01 0.000000000000000000e+00 nan
7.586490369703189174e+01 0.000000000000000000e+00 nan
7.621646619703189174e+01 0.000000000000000000e+00 nan
7.656802869703189174e+01 0.000000000000000000e+00 nan
7.691959119703189174e+01 0.000000000000000000e+00 nan
7.727115369703189174e+01 0.000000000000000000e+00 nan
7.762271619703189174e+01 0.000000000000000000e+00 nan
7.797427869703189174e+01 0.000000000000000000e+00 nan
7.832584119703189174e+01 0.000000000000000000e+00 nan
7.867740369703189174e+01 0.000000000000000000e+00 nan
7.902896619703189174e+01 0.000000000000000000e+00 nan
7.938052869703189174e+01 0.000000000000000000e+00 nan
7.973209119703189174e+01 0.000000000000000000e+00 nan
8.008365369703189174e+01 0.000000000000000000e+00 nan
8.043521619703189174e+01 0.000000000000000000e+00 nan
8.078677869703189174e+01 0.000000000000000000e+00 nan
8.113834119703189174e+01 0.000000000000000000e+00 nan
8.148990369703189174e+01 0.000000000000000000e+00 nan
8.184146619703189174e+01 0.000000000000000000e+00 nan
8.219302869703189174e+01 0.000000000000000000e+00 nan
8.254459119703189174e+01 0.000000000000000000e+00 nan
8.289615369703189174e+01 0.000000000000000000e+00 nan
8.324771619703189174e+01 0.000000000000000000e+00 nan
8.359927869703189174e+01 0.000000000000000000e+00 nan
8.395084119703189174e+01 0.000000000000000000e+00 nan
8.430240369703189174e+01 0.000000000000000000e+00 nan
8.465396619703189174e+01 0.000000000000000000e+00 nan
8.500552869703189174e+01 0.000000000000000000e+00 nan
8.535709119703189174e+01 0.000000000000000000e+00 nan
8.570865369703189174e+01 0.000000000000000000e+00 nan
8.606021619703189174e+01 0.000000000000000000e+00 nan
8.641177869703189174e+01 0.000000000000000000e+00 nan
8.676334119703189174e+01 0.000000000000000000e+00 nan
8.711490369703189174e+01 0.000000000000000000e+00 nan
8.746646619703189174e+01 0.000000000000000000e+00 nan
8.781802869703189174e+01 0.000000000000000000e+00 nan
8.816959119703189174e+01 0.000000000000000000e+00 nan
8.852115369703189174e+01 0.000000000000000000e+00 nan
8.887271619703189174e+01 0.000000000000000000e+00 nan
8.922427869703189174e+01 0.000000000000000000e+00 nan
8.957584119703189174e+01 0.000000000000000000e+00 nan
8.992740369703189174e+01 0.000000000000000000e+00 nan
9.027896619703189174e+01 0.000000000000000000e+00 nan
9.063052869703189174e+01 0.000000000000000000e+00 nan
9.098209119703189174e+01 0.000000000000000000e+00 nan
9.133365369703189174e+01 0.000000000000000000e+00 nan
9.168521619703189174e+01 0.000000000000000000e+00 nan
9.203677869703189174e+01 0.000000000000000000e+00 nan
9.238834119703189174e+01 0.000000000000000000e+00 nan
9.273990369703189174e+01 0.000000000000000000e+00 nan
9.309146619703189174e+01 0.000000000000000000e+00 nan
9.344302869703189174e+01 0.000000000000000000e+00 nan
9.379459119703189174e+01 0.000000000000000000e+00 nan
