# Profile of mode N
# Total number of pulses = 159None | Summed flux density | Mean flux density
-5.765002341621250537e+01 -2.497034000000009080e-02 -1.570461635220131370e-04
-5.729846091621250537e+01 3.378093950000001122e+00 2.124587389937107607e-02
-5.694689841621250537e+01 -1.723215767000000787e+00 -1.083783501257862096e-02
-5.659533591621250537e+01 3.035278370000000336e+00 1.908980106918239245e-02
-5.624377341621250537e+01 -2.836894546000000350e+00 -1.784210406289308409e-02
-5.589221091621250537e+01 3.032819130000000918e+00 1.907433415094340196e-02
-5.554064841621250537e+01 -1.099354476000000247e+00 -6.914179094339624118e-03
-5.518908591621250537e+01 -1.775615018299999681e+00 -1.116739005220125647e-02
-5.483752341621250537e+01 2.618100159999997789e+00 1.646603874213834959e-02
-5.448596091621250537e+01 -4.293930400000005587e-01 -2.700585157232707895e-03
-5.413439841621250537e+01 4.767360190000001552e+00 2.998339742138365904e-02
-5.378283591621250537e+01 -3.711110720000000196e+00 -2.334031899371069238e-02
-5.343127341621250537e+01 6.945163799999996002e-01 4.368027547169808615e-03
-5.307971091621250537e+01 3.128702070000000113e+00 1.967737150943396282e-02
-5.272814841621250537e+01 1.040332560000000406e+00 6.542972075471700268e-03
-5.237658591621250537e+01 -3.866296568999997518e+00 -2.431633062264149450e-02
-5.202502341621250537e+01 -1.336228740000000359e+00 -8.403954339622644182e-03
-5.167346091621250537e+01 5.828010499999905503e-02 3.665415408804971963e-04
-5.132189841621250537e+01 -3.605764920999999124e+00 -2.267776679874213344e-02
-5.097033591621250537e+01 -8.965350999999793791e-02 -5.638585534591065420e-04
-5.061877341621250537e+01 4.606355036000000958e+00 2.897078638993711222e-02
-5.026721091621250537e+01 -4.270135440000001337e-01 -2.685619773584906403e-03
-4.991564841621250537e+01 9.528860389999997960e-01 5.992993955974841233e-03
-4.956408591621250537e+01 3.224225579999991931e-01 2.027814830188674061e-03
-4.921252341621250537e+01 -1.848080060000001357e+00 -1.162314503144654988e-02
-4.886096091621250537e+01 5.243231245999999679e+00 3.297629714465408896e-02
-4.850939841621250537e+01 -6.670636999999947359e-02 -4.195369182389904078e-04
-4.815783591621250537e+01 9.755246499999999932e-01 6.135375157232704491e-03
-4.780627341621250537e+01 2.010991966999998937e+00 1.264774822012577904e-02
-4.745471091621250537e+01 -5.069964300000004087e+00 -3.188656792452832650e-02
-4.710314841621250537e+01 3.303352499999999914e+00 2.077580188679245196e-02
-4.675158591621250537e+01 -6.693323226000000403e+00 -4.209637249056603914e-02
-4.640002341621250537e+01 1.668659591000000386e+00 1.049471440880503370e-02
-4.604846091621250537e+01 4.319044106000000660e+00 2.716379940880503732e-02
-4.569689841621250537e+01 4.129793202000000107e+00 2.597354215094339544e-02
-4.534533591621250537e+01 1.957654779999998373e+00 1.231229421383646730e-02
-4.499377341621250537e+01 2.838438350000000110e+00 1.785181352201258009e-02
-4.464221091621250537e+01 5.156100329999998344e+00 3.242830396226414197e-02
-4.429064841621250537e+01 -5.428545649999999334e+00 -3.414179654088050214e-02
-4.393908591621250537e+01 5.449741440000003267e-01 3.427510339622643742e-03
-4.358752341621250537e+01 2.346395325000000032e+00 1.475720330188679333e-02
-4.323596091621250537e+01 -3.538334626900001112e+00 -2.225367689874214669e-02
-4.288439841621250537e+01 1.071270469999999309e+00 6.737550125786159402e-03
-4.253283591621250537e+01 9.410613700000005633e-01 5.918624968553463060e-03
-4.218127341621250537e+01 1.743428299999994491e-01 1.096495786163518464e-03
-4.182971091621250537e+01 -8.268543499999996271e-01 -5.200341823899368686e-03
-4.147814841621250537e+01 -1.513523659999998605e+00 -9.519016729559738946e-03
-4.112658591621250537e+01 -3.588947130000000652e+00 -2.257199452830188982e-02
-4.077502341621250537e+01 6.154582700000001960e-01 3.870806729559749491e-03
-4.042346091621250537e+01 8.735099500000003125e-01 5.493773270440253931e-03
-4.007189841621250537e+01 2.328128778999999593e+00 1.464231936477987210e-02
-3.972033591621250537e+01 7.882762749999998597e-01 4.957712421383647129e-03
-3.936877341621250537e+01 -6.609145840000000272e-01 -4.156695496855346110e-03
-3.901721091621250537e+01 1.243655251800000583e+00 7.821731143396230823e-03
-3.866564841621250537e+01 -1.304431899999999089e+00 -8.203974213836472129e-03
-3.831408591621250537e+01 1.326127949999999611e+00 8.340427358490562840e-03
-3.796252341621250537e+01 2.255734000000001460e-01 1.418700628930818618e-03
-3.761096091621250537e+01 2.541603895000000612e+00 1.598493015723270738e-02
-3.725939841621250537e+01 1.565250610000001430e+00 9.844343459119506493e-03
-3.690783591621250537e+01 1.726372100000000076e+00 1.085768616352201371e-02
-3.655627341621250537e+01 2.916711543000000351e+00 1.834409775471698353e-02
-3.620471091621250537e+01 3.399870800000000415e+00 2.138283522012578847e-02
-3.585314841621250537e+01 3.597469549999999128e+00 2.262559465408804649e-02
-3.550158591621250537e+01 3.447443309999999594e-01 2.168203339622641265e-03
-3.515002341621250537e+01 1.938973799999994529e-01 1.219480377358487123e-03
-3.479846091621250537e+01 9.320794839999999581e-01 5.862135119496855208e-03
-3.444689841621250537e+01 -4.397038699999996636e-01 -2.765433144654085885e-03
-3.409533591621250537e+01 -1.683042191700000023e+00 -1.058517101698113264e-02
-3.374377341621250537e+01 -2.524061709999999792e+00 -1.587460194968553368e-02
-3.339221091621250537e+01 2.613449595000000514e+00 1.643678990566038028e-02
-3.304064841621250537e+01 2.177938117999999257e+00 1.369772401257861143e-02
-3.268908591621250537e+01 -5.393480400000004726e-01 -3.392126037735851852e-03
-3.233752341621250537e+01 -7.698715599999996773e-01 -4.841959496855344040e-03
-3.198596091621250537e+01 1.058608659999999091e+00 6.657916100628925166e-03
-3.163439841621250537e+01 -4.783366100000000287e+00 -3.008406352201258016e-02
-3.128283591621250537e+01 -9.094290100000002042e-01 -5.719679308176101908e-03
-3.093127341621250537e+01 2.184353694000000345e+00 1.373807354716981288e-02
-3.057971091621250537e+01 -2.013462265000000251e+00 -1.266328468553459298e-02
-3.022814841621250537e+01 -2.813065405999999324e+00 -1.769223525786163195e-02
-2.987658591621250537e+01 -1.705168029999999391e+00 -1.072432723270439793e-02
-2.952502341621250537e+01 2.691714918999998929e+00 1.692902464779873564e-02
-2.917346091621250537e+01 1.667514534999999576e+00 1.048751279874213585e-02
-2.882189841621250537e+01 7.822840999999941536e-02 4.920025786163484752e-04
-2.847033591621250537e+01 4.935494772999999835e-01 3.104084762893081616e-03
-2.811877341621250537e+01 3.762310820000000611e+00 2.366233220125786574e-02
-2.776721091621250537e+01 4.801117469000001137e+00 3.019570735220126340e-02
-2.741564841621250537e+01 -2.779035099999998870e+00 -1.747820817610062222e-02
-2.706408591621250537e+01 1.217452407999999764e+00 7.656933383647797006e-03
-2.671252341621250537e+01 -4.392553809999999892e+00 -2.762612459119496641e-02
-2.636096091621250537e+01 4.070852289999999485e+00 2.560284459119496411e-02
-2.600939841621250537e+01 -8.656055870000004537e-01 -5.444060295597487158e-03
-2.565783591621250537e+01 -1.752290159100000411e+00 -1.102069282452830361e-02
-2.530627341621250537e+01 6.256541399999986375e-01 3.934931698113199212e-03
-2.495471091621250537e+01 2.600185140999999867e+00 1.635336566666666450e-02
-2.460314841621250537e+01 -1.448670810000000531e+00 -9.111137169811324779e-03
-2.425158591621250537e+01 -6.653891240000009422e-01 -4.184837257861641173e-03
-2.390002341621250537e+01 3.328933941999998147e+00 2.093669145911948581e-02
-2.354846091621250537e+01 2.899123089999999792e+00 1.823347855345911969e-02
-2.319689841621250537e+01 3.541762490000003538e+00 2.227523578616354485e-02
-2.284533591621250537e+01 2.410409672999999309e+00 1.515980926415093875e-02
-2.249377341621250537e+01 4.837983799999996393e-01 3.042757106918236518e-03
-2.214221091621250537e+01 -6.325707799999992220e-01 -3.978432578616347172e-03
-2.179064841621250537e+01 -1.515812093999999943e+00 -9.533409396226414159e-03
-2.143908591621250537e+01 1.070558296000000409e+00 6.733071044025159581e-03
-2.108752341621250537e+01 -1.995745590000000735e+00 -1.255185905660377750e-02
-2.073596091621250537e+01 2.280545970000001699e+00 1.434305641509435111e-02
-2.038439841621250537e+01 5.830957299999999233e-01 3.667268742138364221e-03
-2.003283591621250537e+01 -1.373565810000002552e+00 -8.638778679245298631e-03
-1.968127341621250537e+01 -1.444873957000000431e+00 -9.087257591194971076e-03
-1.932971091621250537e+01 7.973948000000041780e-02 5.015061635220152431e-04
-1.897814841621250537e+01 -4.532618600000000164e+00 -2.850703522012578567e-02
-1.862658591621250537e+01 -1.988406979999999713e+00 -1.250570427672955710e-02
-1.827502341621250537e+01 2.907936749999999737e+00 1.828891037735849018e-02
-1.792346091621250537e+01 2.290277060999999392e+00 1.440425824528301577e-02
-1.757189841621250537e+01 2.064713678999997359e+00 1.298562062264149199e-02
-1.722033591621250537e+01 -3.570566700000003535e-01 -2.245639433962266524e-03
-1.686877341621250537e+01 -1.305132929000000219e+00 -8.208383201257862458e-03
-1.651721091621250537e+01 6.522806420000005767e-01 4.102393974842770928e-03
-1.616564841621250537e+01 -2.278147271399999951e+00 -1.432797026037735746e-02
-1.581408591621250537e+01 6.695885849999999806e+00 4.211248962264151074e-02
-1.546252341621250537e+01 4.594008411000000791e+00 2.889313466037736478e-02
-1.511096091621250537e+01 -1.517757510999999671e+00 -9.545644723270439030e-03
-1.475939841621250537e+01 5.430039081999998629e+00 3.415118919496854671e-02
-1.440783591621250537e+01 -1.339207260999999427e+00 -8.422687176100625284e-03
-1.405627341621250537e+01 -9.965460899999994959e-01 -6.267585471698110255e-03
-1.370471091621250537e+01 1.158956220000001425e+00 7.289032830188688604e-03
-1.335314841621250537e+01 -1.049200795000000963e-01 -6.598747138364786068e-04
-1.300158591621250537e+01 4.884252550000000248e+00 3.071856949685534618e-02
-1.265002341621250537e+01 -1.580603970000008518e-01 -9.940905471698166084e-04
-1.229846091621250537e+01 8.266843000000003716e-01 5.199272327044027718e-03
-1.194689841621250537e+01 1.845961090000000748e+00 1.160981817610063326e-02
-1.159533591621250537e+01 -1.931988020000000805e+00 -1.215086805031447004e-02
-1.124377341621250537e+01 -2.054093239999998932e+00 -1.291882540880502465e-02
-1.089221091621250537e+01 2.304225944000002357e+00 1.449198706918240417e-02
-1.054064841621250537e+01 5.685527189999998177e-01 3.575803264150942233e-03
-1.018908591621250537e+01 -3.296692837000000154e+00 -2.073391721383647732e-02
-9.837523416212505367e+00 2.700805900000010640e-01 1.698620062893088384e-03
-9.485960916212505367e+00 -2.909372269999999538e+00 -1.829793880503144399e-02
-9.134398416212505367e+00 -1.343584396999999653e+00 -8.450216333333331400e-03
-8.782835916212505367e+00 8.198380400000011559e-01 5.156214088050321484e-03
-8.431273416212505367e+00 -2.969399009999999173e+00 -1.867546547169810639e-02
-8.079710916212505367e+00 2.497982930000000046e+00 1.571058446540880491e-02
-7.728148416212505367e+00 1.990549329999999895e+00 1.251917817610062773e-02
-7.376585916212505367e+00 7.541246349999993770e-01 4.742922232704398396e-03
-7.025023416212505367e+00 3.263151990000000335e+00 2.052296849056603825e-02
-6.673460916212505367e+00 -3.417259599999998620e+00 -2.149219874213835479e-02
-6.321898416212505367e+00 1.098914860999999688e+00 6.911414220125784193e-03
-5.970335916212505367e+00 -6.063130099999980427e-02 -3.813289371069170271e-04
-5.618773416212505367e+00 4.467555080000000345e+00 2.809783069182390097e-02
-5.267210916212505367e+00 2.167066440000000149e+00 1.362934867924528448e-02
-4.915648416212505367e+00 1.727225180000000027e+00 1.086305144654088096e-02
-4.564085916212505367e+00 -7.723334800000002387e-01 -4.857443270440253008e-03
-4.212523416212505367e+00 1.463023310000000299e+00 9.201404465408806813e-03
-3.860960916212505367e+00 4.212850259999999736e+00 2.649591358490565804e-02
-3.509398416212505367e+00 1.232198199999997579e-01 7.749674213836462875e-04
-3.157835916212505367e+00 2.355208429999999353e+00 1.481263163522012101e-02
-2.806273416212505367e+00 9.443044799999995575e-01 5.939021886792450293e-03
-2.454710916212505367e+00 2.865408260000000151e+00 1.802143559748427618e-02
-2.103148416212505367e+00 1.123367570000000759e+00 7.065204842767300666e-03
-1.751585916212505367e+00 2.471566000999999346e+00 1.554444025786163100e-02
-1.400023416212505367e+00 -1.428291700000007824e-01 -8.982966666666715536e-04
-1.048460916212505367e+00 -2.936931828999999716e+00 -1.847126936477987147e-02
-6.968984162125053672e-01 5.637194600000001721e-01 3.545405408805032531e-03
-3.453359162125053672e-01 6.092152200000006124e-01 3.831542264150947057e-03
6.226583787494632816e-03 3.177036849999999468e+00 1.998136383647798262e-02
3.577890837874946328e-01 2.352146979999998777e+00 1.479337723270439560e-02
7.093515837874946328e-01 -1.054628960000000060e+00 -6.632886540880503744e-03
1.060914083787494633e+00 4.062318103499999999e+00 2.554917046226415009e-02
1.412476583787494633e+00 -3.989831821999998862e+00 -2.509328189937106227e-02
1.764039083787494633e+00 5.179951399999996875e-01 3.257831069182387778e-03
2.115601583787494633e+00 -6.724058239999997078e-01 -4.228967446540879069e-03
2.467164083787494633e+00 5.225927630000001933e+00 3.286746937106919259e-02
2.818726583787494633e+00 1.002158950000000548e+00 6.302886477987424546e-03
3.170289083787494633e+00 9.037849099999999414e-01 5.684181823899370559e-03
3.521851583787494633e+00 7.573391140000000021e+00 4.763139081761006560e-02
3.873414083787494633e+00 -3.197336499999998694e-01 -2.010903459119495976e-03
4.224976583787494633e+00 -4.653870240000000713e+00 -2.926962415094340117e-02
4.576539083787494633e+00 4.248775699999918221e-02 2.672185974842715872e-04
4.928101583787494633e+00 5.369111329999999960e+00 3.376799578616352521e-02
5.279664083787494633e+00 1.384880261000000390e+00 8.709938748427676139e-03
5.631226583787494633e+00 3.132775739999999143e+00 1.970299207547169390e-02
5.982789083787494633e+00 1.370352436999999313e+00 8.618568786163518028e-03
6.334351583787494633e+00 3.882159580000000609e+00 2.441609798742138890e-02
6.685914083787494633e+00 3.354819529999999439e+00 2.109949389937106415e-02
7.037476583787494633e+00 4.332749700000001480e-01 2.724999811320755454e-03
7.389039083787494633e+00 -4.385156389999999682e+00 -2.757959993710691615e-02
7.740601583787494633e+00 4.173565012000001850e+00 2.624883655345913031e-02
8.092164083787494633e+00 -2.725484170000000539e+00 -1.714140987421384002e-02
8.443726583787494633e+00 1.767809639999999849e+00 1.111829962264150769e-02
8.795289083787494633e+00 1.401452587000000971e+00 8.814167213836484466e-03
9.146851583787494633e+00 2.130774260000000808e+00 1.340109597484277250e-02
9.498414083787494633e+00 4.797087059999971537e-02 3.017035886792434891e-04
9.849976583787494633e+00 4.249346810000000474e+00 2.672545163522012726e-02
1.020153908378749463e+01 3.077608543999999835e+00 1.935602857861635009e-02
1.055310158378749463e+01 1.853763101000000413e+00 1.165888742767295927e-02
1.090466408378749463e+01 3.369490201000000518e+00 2.119176227044025640e-02
1.125622658378749463e+01 8.515791300000005171e-01 5.355843584905663722e-03
1.160778908378749463e+01 4.359621000000000635e+00 2.741900000000000240e-02
1.195935158378749463e+01 -3.379527150000000368e+00 -2.125488773584905886e-02
1.231091408378749463e+01 -2.588165985999998586e+00 -1.627777349685533698e-02
1.266247658378749463e+01 -2.127948509999998961e-01 -1.338332396226414546e-03
1.301403908378749463e+01 1.996408223000000870e+00 1.255602655974843301e-02
1.336560158378749463e+01 1.920227076999999616e+00 1.207689985534590900e-02
1.371716408378749463e+01 2.554905169999999615e+00 1.606858597484276535e-02
1.406872658378749463e+01 5.779983529999999980e+00 3.635209767295597555e-02
1.442028908378749463e+01 -1.487731253999999170e+00 -9.356800339622635757e-03
1.477185158378749463e+01 -1.416130890000000697e+00 -8.906483584905665329e-03
1.512341408378749463e+01 2.752913459999998924e+00 1.731392113207546463e-02
1.547497658378749463e+01 3.029477849999999250e+00 1.905331981132074928e-02
1.582653908378749463e+01 -3.560701209999999506e+00 -2.239434723270439936e-02
1.617810158378749463e+01 3.939568470000001099e+00 2.477716018867925224e-02
1.652966408378749463e+01 8.701327629999999758e-01 5.472533100628930447e-03
1.688122658378749463e+01 -1.493105109999999236e+00 -9.390598176100623667e-03
1.723278908378749463e+01 -9.557406999999773500e-02 -6.010947798741995496e-04
1.758435158378749463e+01 3.001105180000000150e+00 1.887487534591195115e-02
1.793591408378749463e+01 2.177830337000000505e+00 1.369704614465409170e-02
1.828747658378749463e+01 4.359984941200000463e+00 2.742128893836478370e-02
1.863903908378749463e+01 2.592341623999998568e+00 1.630403537106917336e-02
1.899060158378749463e+01 -5.843293100000019891e-01 -3.675027106918251577e-03
1.934216408378749463e+01 4.372553524999998942e+00 2.750033663522011979e-02
1.969372658378749463e+01 1.684317908000000141e+00 1.059319438993710713e-02
2.004528908378749463e+01 -1.173976603999999702e+00 -7.383500654088048787e-03
2.039685158378749463e+01 -2.880395579999999178e+00 -1.811569547169810876e-02
2.074841408378749463e+01 -7.122079299999996005e-01 -4.479295157232702010e-03
2.109997658378749463e+01 2.896053309999999215e+00 1.821417176100628352e-02
2.145153908378749463e+01 4.546894218999998571e+00 2.859681898742137338e-02
2.180310158378749463e+01 4.112001890000000159e+00 2.586164710691823965e-02
2.215466408378749463e+01 -1.844437786000000079e+00 -1.160023764779874282e-02
2.250622658378749463e+01 -2.247132199999999358e+00 -1.413290691823898895e-02
2.285778908378749463e+01 3.056425110000000167e+00 1.922279943396226418e-02
2.320935158378749463e+01 9.648413699999998094e-01 6.068184716981130621e-03
2.356091408378749463e+01 5.790732890000001909e+00 3.641970371069183643e-02
2.391247658378749463e+01 5.534393569999998874e+00 3.480750672955974095e-02
2.426403908378749463e+01 -3.090934880000001606e+00 -1.943984201257862796e-02
2.461560158378749463e+01 6.094407999999996717e-01 3.832961006289306062e-03
2.496716408378749463e+01 1.980579740999999672e+00 1.245647635849056467e-02
2.531872658378749463e+01 -3.916232409999999220e+00 -2.463039251572326713e-02
2.567028908378749463e+01 -5.089888180000002871e-01 -3.201187534591196700e-03
2.602185158378749463e+01 6.711646090999993097e-01 4.221161063522008150e-03
2.637341408378749463e+01 4.265663439999999085e+00 2.682807194968553008e-02
2.672497658378749463e+01 2.956003998699998192e+00 1.859122011761005222e-02
2.707653908378749463e+01 3.406628300000001275e+00 2.142533522012579281e-02
2.742810158378749463e+01 -2.526056158999999912e+00 -1.588714565408804943e-02
2.777966408378749463e+01 1.721619510000000020e+00 1.082779566037735813e-02
2.813122658378749463e+01 -1.514899792999999661e+00 -9.527671654088047323e-03
2.848278908378749463e+01 3.888529999999937314e-02 2.445616352201218559e-04
2.883435158378749463e+01 -4.378355000000024866e-01 -2.753682389937122440e-03
2.918591408378749463e+01 6.177999577999999659e+00 3.885534325786163534e-02
2.953747658378749463e+01 -1.653951350000002041e+00 -1.040220974842768521e-02
2.988903908378749463e+01 4.789871549999999978e+00 3.012497830188679351e-02
3.024060158378749463e+01 -3.154978173000000830e+00 -1.984263001886792804e-02
3.059216408378749463e+01 -2.117858570000000995e+00 -1.331986522012579277e-02
3.094372658378749463e+01 1.341982087999999740e+00 8.440138918238991594e-03
3.129528908378749463e+01 -8.770485200000004422e-01 -5.516028427672958756e-03
3.164685158378749463e+01 1.846048194000000198e+00 1.161036600000000044e-02
3.199841408378749463e+01 2.395145719999999478e+00 1.506380955974842388e-02
3.234997658378749463e+01 6.469682279999998897e+00 4.068982566037734894e-02
3.270153908378749463e+01 -2.995562499999999684e+00 -1.884001572327043822e-02
3.305310158378749463e+01 -1.597989641000000294e+00 -1.005024931446541099e-02
3.340466408378749463e+01 -1.256765724999999723e+00 -7.904186949685532149e-03
3.375622658378749463e+01 -1.559276725000000807e+00 -9.806771855345916208e-03
3.410778908378749463e+01 1.622909486000000623e+00 1.020697789937107317e-02
3.445935158378749463e+01 -1.988663279999999700e+00 -1.250731622641509250e-02
3.481091408378749463e+01 2.062140550000000516e+00 1.296943742138365052e-02
3.516247658378749463e+01 1.173271409999999459e+00 7.379065471698110015e-03
3.551403908378749463e+01 2.883199870000000775e+00 1.813333251572327512e-02
3.586560158378749463e+01 -1.766972237000001167e+00 -1.111303293710692516e-02
3.621716408378749463e+01 -7.055888899999999131e-01 -4.437665974842766765e-03
3.656872658378749463e+01 -1.721954954000000093e-01 -1.082990537106918224e-03
3.692028908378749463e+01 2.748359459999999643e+00 1.728527962264150841e-02
3.727185158378749463e+01 2.809721229999997849e+00 1.767120270440250204e-02
3.762341408378749463e+01 -1.692070943000000494e+00 -1.064195561635220520e-02
3.797497658378749463e+01 -3.776314457000000235e+00 -2.375040538993710912e-02
3.832653908378749463e+01 -9.131522669999998509e-01 -5.743096018867923334e-03
3.867810158378749463e+01 -2.299372333000000435e+00 -1.446146121383647988e-02
3.902966408378749463e+01 -4.783190988299998558e+00 -3.008296219056602952e-02
3.938122658378749463e+01 4.891819369000000250e+00 3.076615955345912007e-02
3.973278908378749463e+01 7.882812900000002454e-01 4.957743962264152607e-03
4.008435158378749463e+01 2.272713819999997442e-01 1.429379761006287653e-03
4.043591408378749463e+01 4.450944629999998625e+00 2.799336245283018040e-02
4.078747658378749463e+01 1.441401109999999486e+00 9.065415786163518244e-03
4.113903908378749463e+01 -7.366091969999986055e-01 -4.632762245283010387e-03
4.149060158378749463e+01 -8.590527590000001101e-01 -5.402847540880504132e-03
4.184216408378749463e+01 3.021905949999999841e+00 1.900569779874213688e-02
4.219372658378749463e+01 1.677592011999999411e+00 1.055089315723270124e-02
4.254528908378749463e+01 -2.609652295999999261e+00 -1.641290752201257294e-02
4.289685158378749463e+01 4.713985379999999559e+00 2.964770679245282842e-02
4.324841408378749463e+01 -1.939491280000000373e+00 -1.219805836477987591e-02
4.359997658378749463e+01 -9.427576330000000393e-01 -5.929293289308175917e-03
4.395153908378749463e+01 2.577737037000000342e+00 1.621218262264150986e-02
4.430310158378749463e+01 3.873419354000001480e+00 2.436112801257862490e-02
4.465466408378749463e+01 -5.248633270000000017e+00 -3.301027213836477819e-02
4.500622658378749463e+01 2.094986638000001289e+00 1.317601659119497712e-02
4.535778908378749463e+01 2.413247249999999067e-01 1.517765566037735259e-03
4.570935158378749463e+01 -3.357427561000000171e+00 -2.111589661006289462e-02
4.606091408378749463e+01 -6.454084299999993668e-01 -4.059172515723266823e-03
4.641247658378749463e+01 1.979629899999998388e-01 1.245050251572326055e-03
4.676403908378749463e+01 -1.908357600000000431e+00 -1.200224905660377678e-02
4.711560158378749463e+01 3.763343182999997705e+00 2.366882505031445150e-02
4.746716408378749463e+01 1.335408710000001165e+00 8.398796918239000500e-03
4.781872658378749463e+01 4.371249840000002607e+00 2.749213735849058080e-02
4.817028908378749463e+01 -1.639572349000000484e+00 -1.031177577987421774e-02
4.852185158378749463e+01 2.488604999999999734e+00 1.565160377358490451e-02
4.887341408378749463e+01 1.485847000000000140e-01 9.344949685534592381e-04
4.922497658378749463e+01 -3.717300440000000705e+00 -2.337924805031446965e-02
4.957653908378749463e+01 -1.433862880000000395e+00 -9.018005534591196776e-03
4.992810158378749463e+01 -2.153851313999999739e+00 -1.354623467924528056e-02
5.027966408378749463e+01 -2.192913272999998497e+00 -1.379190737735848035e-02
5.063122658378749463e+01 -9.856863000000082309e-02 -6.199284905660429248e-04
5.098278908378749463e+01 -2.991313889999998477e+00 -1.881329490566036738e-02
5.133435158378749463e+01 -1.960615899999995915e-01 -1.233091761006286811e-03
5.168591408378749463e+01 -2.645749780000000051e+00 -1.663993572327044160e-02
5.203747658378749463e+01 3.020000770000000223e+00 1.899371553459119552e-02
5.238903908378749463e+01 -2.788514249999999528e+00 -1.753782547169811107e-02
5.274060158378749463e+01 1.903143739999999307e+00 1.196945748427672568e-02
5.309216408378749463e+01 4.574101607999999430e+00 2.876793464150943086e-02
5.344372658378749463e+01 -2.446924714999998418e+00 -1.538946361635219057e-02
5.379528908378749463e+01 -1.208979474999999582e+00 -7.603644496855343007e-03
5.414685158378749463e+01 8.254031000000230933e-03 5.191214465408950187e-05
5.449841408378749463e+01 -5.664405760000001955e-01 -3.562519345911951095e-03
5.484997658378749463e+01 -9.339538450000006709e-01 -5.873923553459123661e-03
5.520153908378749463e+01 4.361287551000001095e+00 2.742948145283019556e-02
5.555310158378749463e+01 2.913460999999999412e+00 1.832365408805031182e-02
5.590466408378749463e+01 3.472941222999999411e+00 2.184239762893081319e-02
5.625622658378749463e+01 5.042837000000011116e-02 3.171595597484283980e-04
5.660778908378749463e+01 -2.584128569999998959e+00 -1.625238094339621908e-02
5.695935158378749463e+01 -5.308354368999999906e+00 -3.338587653459119259e-02
5.731091408378749463e+01 -1.306040819999998659e+00 -8.214093207547162184e-03
5.766247658378749463e+01 1.238327963999998893e+00 7.788226188679238556e-03
5.801403908378749463e+01 -2.045748960000000616e-01 -1.286634566037736255e-03
5.836560158378749463e+01 -1.587254499999998236e-01 -9.982732704402505312e-04
5.871716408378749463e+01 3.252246940999999225e+00 2.045438327672955553e-02
5.906872658378749463e+01 -4.213921078199999393e+00 -2.650264829056603322e-02
5.942028908378749463e+01 1.944774399999994463e-01 1.223128553459115970e-03
5.977185158378749463e+01 2.281635174199999394e+00 1.434990675597483910e-02
6.012341408378749463e+01 1.712259566000000399e+00 1.076892808805031757e-02
6.047497658378749463e+01 3.773672630000000083e+00 2.373379012578616387e-02
6.082653908378749463e+01 4.527802600000001565e-01 2.847674591194969407e-03
6.117810158378749463e+01 -3.710284500000010643e-01 -2.333512264150950071e-03
6.152966408378749463e+01 -5.714911309999998856e+00 -3.594283842767295040e-02
6.188122658378749463e+01 3.063440800000005182e-01 1.926692327044028392e-03
6.223278908378749463e+01 1.283636810000000628e+00 8.073187484276734063e-03
6.258435158378749463e+01 -2.959185943000000485e+00 -1.861123234591195372e-02
6.293591408378749463e+01 -2.434710009999999869e+00 -1.531264157232704350e-02
6.328747658378749463e+01 2.563650949999998652e+00 1.612359088050313582e-02
6.363903908378749463e+01 -1.654578271000000322e+00 -1.040615264779874358e-02
6.399060158378749463e+01 9.776140800000000519e-01 6.148516226415094710e-03
6.434216408378749463e+01 -2.546688799999993202e-01 -1.601691069182385654e-03
6.469372658378749463e+01 1.143904570000000120e+00 7.194368364779875173e-03
6.504528908378749463e+01 2.992030044999999916e+00 1.881779902515723357e-02
6.539685158378749463e+01 3.122565900000010553e-01 1.963877924528308668e-03
6.574841408378749463e+01 -1.487682819000000212e+00 -9.356495716981133581e-03
6.609997658378749463e+01 8.047952299999998615e-01 5.061605220125785058e-03
6.645153908378749463e+01 -6.470203151000001318e-01 -4.069310157861635684e-03
6.680310158378749463e+01 1.991647018999999741e+00 1.252608188050314229e-02
6.715466408378749463e+01 3.008237579300000686e+00 1.891973320314465842e-02
6.750622658378749463e+01 -1.919625359999999503e+00 -1.207311547169810997e-02
6.785778908378749463e+01 -2.649235286999999772e+00 -1.666185715094339534e-02
6.820935158378749463e+01 -7.509650760000008418e-01 -4.723050792452835461e-03
6.856091408378749463e+01 4.186850390000002697e+00 2.633239238993712386e-02
6.891247658378749463e+01 2.869377619999999851e+00 1.804640012578616337e-02
6.926403908378749463e+01 -3.791679830000000084e+00 -2.384704295597484328e-02
6.961560158378749463e+01 2.012174200000006463e-01 1.265518364779878377e-03
6.996716408378749463e+01 5.226324110000000189e+00 3.286996295597484352e-02
7.031872658378749463e+01 -3.337193849999999351e+00 -2.098864056603773343e-02
7.067028908378749463e+01 2.924506205000000136e+00 1.839312078616352208e-02
7.102185158378749463e+01 1.013806990000001074e+00 6.376144591194975175e-03
7.137341408378749463e+01 -1.680251859999999819e+00 -1.056762176100628850e-02
