# Profile of mode N
# Total number of pulses = 431Pulse phase (deg) | Summed flux density | Mean flux density
-5.994778540826611390e+01 -3.473588270000000922e-01 -8.059369535962879151e-04
-5.959622290826611390e+01 8.267883006000003476e+00 1.918302321577727149e-02
-5.924466040826611390e+01 -6.481810720000020787e-01 -1.503900399071930521e-03
-5.889309790826611390e+01 1.354920366999999626e+00 3.143666744779581579e-03
-5.854153540826611390e+01 -9.088333847999994219e+00 -2.108662145707655353e-02
-5.818997290826611390e+01 1.530836955000000055e+00 3.551825881670533664e-03
-5.783841040826611390e+01 2.377305776000000037e+00 5.515790663573085818e-03
-5.748684790826611390e+01 1.232452616999999861e+00 2.859518832946635405e-03
-5.713528540826611390e+01 -5.968194481000001161e+00 -1.384731898143851808e-02
-5.678372290826611390e+01 -3.781485770999999829e+00 -8.773748888631090204e-03
-5.643216040826611390e+01 -3.881672791999998040e+00 -9.006201373549878667e-03
-5.608059790826611390e+01 2.176313664000002035e+00 5.049451656612533382e-03
-5.572903540826611390e+01 -2.215787100000005339e+00 -5.141037354988411273e-03
-5.537747290826611390e+01 1.278531888599999533e+01 2.966431296055683370e-02
-5.502591040826611390e+01 -9.797145426999996687e+00 -2.273119588631089885e-02
-5.467434790826611390e+01 -4.581899339999999654e+00 -1.063085693735498806e-02
-5.432278540826611390e+01 9.906891462559995531e+00 2.298582705930393363e-02
-5.397122290826611390e+01 3.683291449999998024e-01 8.545919837587001838e-04
-5.361966040826611390e+01 3.883848529999999855e+00 9.011249489559164730e-03
-5.326809790826611390e+01 2.040180956400002188e+00 4.733598506728543126e-03
-5.291653540826611390e+01 4.049181253000002201e+00 9.394852095127614530e-03
-5.256497290826611390e+01 -2.327841519999999109e-01 -5.401024408352666064e-04
-5.221341040826611390e+01 -4.383902053000002574e+00 -1.017146648027842867e-02
-5.186184790826611390e+01 -2.377790900000001262e+00 -5.516916241299307105e-03
-5.151028540826611390e+01 -9.050650512000000703e+00 -2.099918912296984061e-02
-5.115872290826611390e+01 5.985880190000020251e-01 1.388835310904877086e-03
-5.080716040826611390e+01 -4.473854479999997302e+00 -1.038017280742458727e-02
-5.045559790826611390e+01 -1.621379427000000817e+00 -3.761901222737821029e-03
-5.010403540826611390e+01 3.627036917200000321e+00 8.415398879814385558e-03
-4.975247290826611390e+01 4.528365597899999706e+00 1.050664871902552179e-02
-4.940091040826611390e+01 -9.654589700999999025e+00 -2.240044014153131854e-02
-4.904934790826611390e+01 5.576915849000002368e+00 1.293947992807425139e-02
-4.869778540826611390e+01 -2.495319801499999546e+00 -5.789605107888630073e-03
-4.834622290826611390e+01 3.791504534000001314e+00 8.796994278422277241e-03
-4.799466040826611390e+01 2.779356219999999489e+00 6.448622320185613474e-03
-4.764309790826611390e+01 8.010842932999999277e+00 1.858664253596287522e-02
-4.729153540826611390e+01 -5.803727949999995417e+00 -1.346572610208815642e-02
-4.693997290826611390e+01 -1.437313463000001290e+00 -3.334834020881673623e-03
-4.658841040826611390e+01 -1.539959662000000007e+00 -3.572992255220417811e-03
-4.623684790826611390e+01 -2.927867615000000256e+00 -6.793196322505801188e-03
-4.588528540826611390e+01 -6.666170584999999704e+00 -1.546675309744779438e-02
-4.553372290826611390e+01 3.605139226000002139e+00 8.364592171693739642e-03
-4.518216040826611390e+01 4.056167060000048785e-02 9.411060464037236217e-05
-4.483059790826611390e+01 -3.991836607999999398e+00 -9.261801874709974652e-03
-4.447903540826611390e+01 -1.636312321000000125e+00 -3.796548308584687167e-03
-4.412747290826611390e+01 1.910450689999974028e-01 4.432600208816645155e-04
-4.377591040826611390e+01 8.866256970000003790e-01 2.057136187935035797e-03
-4.342434790826611390e+01 -6.920839469999997107e+00 -1.605763218097447029e-02
-4.307278540826611390e+01 2.277819659699999999e+00 5.284964407656612094e-03
-4.272122290826611390e+01 3.102440277999998663e+00 7.198237303944312118e-03
-4.236966040826611390e+01 3.632010954000000069e+00 8.426939568445476064e-03
-4.201809790826611390e+01 5.686028005900001681e+00 1.319264038491879676e-02
-4.166653540826611390e+01 -1.871344784999995348e+00 -4.341867250580036010e-03
-4.131497290826611390e+01 -1.135441144999997709e+00 -2.634434211136885487e-03
-4.096341040826611390e+01 8.232922145799999925e+00 1.910190753085846960e-02
-4.061184790826611390e+01 -1.164616833000000629e+00 -2.702127222737820290e-03
-4.026028540826611390e+01 3.015233935999999559e+00 6.995902403712296255e-03
-3.990872290826611390e+01 4.668289109999995690e-01 1.083129723897910748e-03
-3.955716040826611390e+01 2.142476795799999945e+00 4.970943841763340691e-03
-3.920559790826611390e+01 3.782287708999997555e+00 8.775609533642685783e-03
-3.885403540826611390e+01 -2.237380930000000934e+00 -5.191139048723899911e-03
-3.850247290826611390e+01 5.323934500000004899e-01 1.235251624129931475e-03
-3.815091040826611390e+01 9.801016919999998578e+00 2.274017846867749243e-02
-3.779934790826611390e+01 2.923892370000007457e-01 6.783973016241316668e-04
-3.744778540826611390e+01 2.964070057999999896e+00 6.877192709976797692e-03
-3.709622290826611390e+01 1.334330589999999983e+00 3.095894640371229644e-03
-3.674466040826611390e+01 3.742594893000000145e+00 8.683514832946636827e-03
-3.639309790826611390e+01 2.338168982000000007e+00 5.424986037122970194e-03
-3.604153540826611390e+01 5.890760939999999390e-01 1.366765879350347783e-03
-3.568997290826611390e+01 -1.578512229999998295e+00 -3.662441368909508631e-03
-3.533841040826611390e+01 2.603671460000043236e-01 6.041001067285483011e-04
-3.498684790826611390e+01 -6.458270570000003374e+00 -1.498438647331787332e-02
-3.463528540826611390e+01 -8.511449500000101143e-02 -1.974814269141554775e-04
-3.428372290826611390e+01 -7.459543771000001655e+00 -1.730752615081206786e-02
-3.393216040826611390e+01 -6.988491460000005873e-01 -1.621459735498841310e-03
-3.358059790826611390e+01 1.501122469000002013e+00 3.482882758700700868e-03
-3.322903540826611390e+01 -5.486137362999998324e+00 -1.272885699071925336e-02
-3.287747290826611390e+01 5.018948106000001630e+00 1.164489119721578113e-02
-3.252591040826611390e+01 6.450630297000000013e+00 1.496665962180974453e-02
-3.217434790826611390e+01 -4.737683039999996737e+00 -1.099230403712296231e-02
-3.182278540826611390e+01 4.666784532999999513e+00 1.082780634106728437e-02
-3.147122290826611390e+01 -2.330083918099999707e+00 -5.406227188167052680e-03
-3.111966040826611390e+01 -3.117536800000001662e+00 -7.233264037122973632e-03
-3.076809790826611390e+01 -5.840510390000003049e+00 -1.355106819025522769e-02
-3.041653540826611390e+01 -7.918817299999989512e-01 -1.837312598607886149e-03
-3.006497290826611390e+01 -4.686466266999996577e+00 -1.087347161716936510e-02
-2.971341040826611390e+01 1.029125939999997463e+00 2.387763201856142690e-03
-2.936184790826611390e+01 -7.590003996000001862e+00 -1.761021808816705739e-02
-2.901028540826611390e+01 -5.274733019999993111e-01 -1.223835967517399688e-03
-2.865872290826611390e+01 3.714697386999997519e+00 8.618787440835261673e-03
-2.830716040826611390e+01 2.874808143000001426e+00 6.670088498839910583e-03
-2.795559790826611390e+01 -1.396813089000004560e+00 -3.240865635730868881e-03
-2.760403540826611390e+01 1.240186179999999361e+00 2.877462134570764156e-03
-2.725247290826611390e+01 -1.345661452999999952e+00 -3.122184345707656582e-03
-2.690091040826611390e+01 -6.238957800000031195e-01 -1.447554013921120968e-03
-2.654934790826611390e+01 1.528511869999999551e+00 3.546431252900230768e-03
-2.619778540826611390e+01 3.458661144999999326e-01 8.024735835266819974e-04
-2.584622290826611390e+01 -4.809365710000000682e+00 -1.115862113689095221e-02
-2.549466040826611390e+01 2.951544009999999219e+00 6.848129953596285811e-03
-2.514309790826611390e+01 2.729884696999998805e+00 6.333839204176331186e-03
-2.479153540826611390e+01 -7.325763554999999982e+00 -1.699713121809744848e-02
-2.443997290826611390e+01 2.540789085000001002e+00 5.895102285382832971e-03
-2.408841040826611390e+01 -8.974631422000010517e+00 -2.082281072389793528e-02
-2.373684790826611390e+01 -4.113922140000001448e+00 -9.545062969837590436e-03
-2.338528540826611390e+01 3.002935128999999925e+00 6.967366888631090598e-03
-2.303372290826611390e+01 -2.401484815000001660e+00 -5.571890522041766936e-03
-2.268216040826611390e+01 7.685091919999998966e-01 1.783083972157772446e-03
-2.233059790826611390e+01 3.755274017000001407e+00 8.712932754060327689e-03
-2.197903540826611390e+01 5.716879612999999694e+00 1.326422183990719206e-02
-2.162747290826611390e+01 2.340269494999999367e+00 5.429859617169372453e-03
-2.127591040826611390e+01 4.564044929999994671e-01 1.058943139211135582e-03
-2.092434790826611390e+01 2.776657321000000511e+00 6.442360373549884875e-03
-2.057278540826611390e+01 -6.901532836899995971e+00 -1.601283720858467582e-02
-2.022122290826611390e+01 -9.844365210000002975e+00 -2.284075454756381157e-02
-1.986966040826611390e+01 -1.005177349399999898e+01 -2.332198026450115619e-02
-1.951809790826611390e+01 -1.765218117999999947e+00 -4.095633684454756326e-03
-1.916653540826611390e+01 7.871310329999989808e-01 1.826290099767978979e-03
-1.881497290826611390e+01 -2.307138719999996201e+00 -5.352990069605559342e-03
-1.846341040826611390e+01 -7.063545022000001339e+00 -1.638873554988399400e-02
-1.811184790826611390e+01 5.775802496000002506e+00 1.340093386542924071e-02
-1.776028540826611390e+01 8.104307351000006321e+00 1.880349733410674462e-02
-1.740872290826611390e+01 2.491001373999997881e+00 5.779585554524357266e-03
-1.705716040826611390e+01 -2.007473409000008147e+00 -4.657710925754079100e-03
-1.670559790826611390e+01 4.239253959999999211e+00 9.835856055684452301e-03
-1.635403540826611390e+01 1.131104640000000883e+00 2.624372714617171243e-03
-1.600247290826611390e+01 1.462538000000157545e-02 3.393359628770667240e-05
-1.565091040826611390e+01 3.102091968000000755e+00 7.197429160092808781e-03
-1.529934790826611390e+01 2.179109373999999377e+00 5.055938222737817178e-03
-1.494778540826611390e+01 7.833249044999997857e+00 1.817459175174013578e-02
-1.459622290826611390e+01 -3.674887722999999440e+00 -8.526421631090486467e-03
-1.424466040826611390e+01 6.691096899999989800e-01 1.552458677494197078e-03
-1.389309790826611390e+01 -4.272592363500001156e+00 -9.913207339907194673e-03
-1.354153540826611390e+01 -2.947849258000000194e+00 -6.839557443155452887e-03
-1.318997290826611390e+01 -9.468402079000002303e+00 -2.196845029930395016e-02
-1.283841040826611390e+01 -8.760587140000017925e-01 -2.032618825986082841e-03
-1.248684790826611390e+01 2.673308200000004575e+00 6.202571229698386653e-03
-1.213528540826611390e+01 3.449601030000000179e-01 8.003714686774941918e-04
-1.178372290826611390e+01 -1.500876891000000546e+00 -3.482312972157773981e-03
-1.143216040826611390e+01 2.615359169999991185e-01 6.068118723897891666e-04
-1.108059790826611390e+01 -2.284219320000001607e-01 -5.299812807424597767e-04
-1.072903540826611390e+01 -3.827967003999999118e+00 -8.881593976798142498e-03
-1.037747290826611390e+01 3.212004508000001479e+00 7.452446654292346588e-03
-1.002591040826611390e+01 3.851874280000000539e+00 8.937063294663575089e-03
-9.674347908266113905e+00 2.557156481000001591e+00 5.933077682134574662e-03
-9.322785408266113905e+00 -2.010961810000001737e+00 -4.665804663573089664e-03
-8.971222908266113905e+00 -7.901998379000005457e+00 -1.833410296751741483e-02
-8.619660408266113905e+00 -2.776427863000004770e+00 -6.441827988399082862e-03
-8.268097908266113905e+00 -4.454878383000000497e+00 -1.033614474013921231e-02
-7.916535408266113905e+00 9.588840510000006034e+00 2.224788981438516333e-02
-7.564972908266113905e+00 8.049254991000006854e+00 1.867576564037124603e-02
-7.213410408266113905e+00 -6.215984697000000558e+00 -1.442223827610208953e-02
-6.861847908266113905e+00 -3.937079686999999772e+00 -9.134755654292342139e-03
-6.510285408266113905e+00 -5.845226100000004976e-01 -1.356200951276103142e-03
-6.158722908266113905e+00 4.532594050999998458e+00 1.051645951508120222e-02
-5.807160408266113905e+00 6.258372751999996098e+00 1.452058643155451460e-02
-5.455597908266113905e+00 3.030363000999999112e+00 7.031004642691413530e-03
-5.104035408266113905e+00 5.287141043800000162e+00 1.226714859350348102e-02
-4.752472908266113905e+00 -8.048829853000002643e+00 -1.867477924129930938e-02
-4.400910408266113905e+00 -7.575311090000001357e+00 -1.757612781902552490e-02
-4.049347908266113905e+00 3.858560386999999814e+00 8.952576303944314445e-03
-3.697785408266113905e+00 2.357498980000000355e+00 5.469835220417633946e-03
-3.346222908266113905e+00 1.298605836299997485e+00 3.013006580742453623e-03
-2.994660408266113905e+00 -2.445182099999998471e+00 -5.673276334106724592e-03
-2.643097908266113905e+00 -1.226636613900001560e+00 -2.846024626218101195e-03
-2.291535408266113905e+00 6.888828593000002165e+00 1.598336100464037637e-02
-1.939972908266113905e+00 1.119007960099999721e+01 2.596306171925753456e-02
-1.588410408266113905e+00 5.263446303000002047e+00 1.221217239675174461e-02
-1.236847908266113905e+00 -5.050396029640003448e+00 -1.171785621726218959e-02
-8.852854082661139046e-01 -1.660911597000004125e+00 -3.853623194895601425e-03
-5.337229082661139046e-01 5.843979100000001869e-01 1.355911624129930906e-03
-1.821604082661139046e-01 -7.902835029999991656e-01 -1.833604415313223228e-03
1.694020917338860954e-01 2.371862153999999556e+00 5.503160450116007830e-03
5.209645917338860954e-01 9.616887027389998011e+00 2.231296294058004309e-02
8.725270917338860954e-01 4.026473849999958610e-01 9.342166705336330413e-04
1.224089591733886095e+00 -2.856071417999998197e+00 -6.626615819025518175e-03
1.575652091733886095e+00 4.500120695000001447e+00 1.044111530162413273e-02
1.927214591733886095e+00 5.634906686000006104e+00 1.307402943387472351e-02
2.278777091733886095e+00 3.234827242000000158e+00 7.505399633410673142e-03
2.630339591733886095e+00 1.310851059000001761e+00 3.041417770301628291e-03
2.981902091733886095e+00 4.056030959499998367e+00 9.410744685614844812e-03
3.333464591733886095e+00 9.279992870000020044e-01 2.153130596287707640e-03
3.685027091733886095e+00 -7.555425028899996676e+00 -1.752998846612528402e-02
4.036589591733886095e+00 3.208256295559998250e+00 7.443750105707652547e-03
4.388152091733886095e+00 -3.639532884999999940e+00 -8.444391844547562836e-03
4.739714591733886095e+00 -1.127010041499998616e+00 -2.614872486078883163e-03
5.091277091733886095e+00 3.012163633000001450e+00 6.988778730858472010e-03
5.442839591733886095e+00 -1.288133015000001436e+00 -2.988707691415316663e-03
5.794402091733886095e+00 6.490246361999999714e+00 1.505857624593967374e-02
6.145964591733886095e+00 4.172296503999995743e+00 9.680502329466347117e-03
6.497527091733886095e+00 2.057030130000001122e+00 4.772691716937357484e-03
6.849089591733886095e+00 -3.035689936999999450e+00 -7.043364122969836445e-03
7.200652091733886095e+00 2.673578641999995398e+00 6.203198705336416055e-03
7.552214591733886095e+00 2.251835790000002113e+00 5.224677006960561955e-03
7.903777091733886095e+00 3.061178877000000131e+00 7.102503194895592314e-03
8.255339591733886095e+00 4.474050267000000858e+00 1.038062706960557122e-02
8.606902091733886095e+00 2.454316660000000372e+00 5.694470208816706201e-03
8.958464591733886095e+00 1.419171383000003450e+00 3.292741027842235532e-03
9.310027091733886095e+00 -4.407759269000000479e+00 -1.022681964965197268e-02
9.661589591733886095e+00 1.245993907999993766e-01 2.890937141531308156e-04
1.001315209173388610e+01 5.383363069999998807e+00 1.249040155452435866e-02
1.036471459173388610e+01 3.505338580000000093e+00 8.133036148491879988e-03
1.071627709173388610e+01 -6.871946549999994325e-01 -1.594419153132249200e-03
1.106783959173388610e+01 2.415750918000000969e+00 5.604990529002322648e-03
1.141940209173388610e+01 4.783296824000001557e+00 1.109813648259861188e-02
1.177096459173388610e+01 8.117150944100000487e+00 1.883329685406032530e-02
1.212252709173388610e+01 -5.188964808999998901e+00 -1.203936150580046070e-02
1.247408959173388610e+01 -1.336679669000001347e+00 -3.101344939675177315e-03
1.282565209173388610e+01 1.414303651999992528e+00 3.281446988399054805e-03
1.317721459173388610e+01 6.009340620000011013e-01 1.394278566125292575e-03
1.352877709173388610e+01 -4.703754169999986301e-01 -1.091358276102084943e-03
1.388033959173388610e+01 5.408665106000002609e+00 1.254910697447796444e-02
1.423190209173388610e+01 -1.221969539999999022e+00 -2.835196148491877111e-03
1.458346459173388610e+01 3.519083250000000440e+00 8.164926334106729564e-03
1.493502709173388610e+01 2.628734100000031937e-01 6.099151044083600407e-04
1.528658959173388610e+01 7.331348019999988086e-01 1.701008821345704938e-03
1.563815209173388610e+01 -6.765916480000011557e-01 -1.569818208816708017e-03
1.598971459173388610e+01 4.844559177000001604e+00 1.124027651276102505e-02
1.634127709173388610e+01 6.400642325000001520e+00 1.485067824825986489e-02
1.669283959173388610e+01 -1.662596010000205737e-02 -3.857531345708133867e-05
1.704440209173388610e+01 1.665832384999997418e+00 3.865040336426908175e-03
1.739596459173388610e+01 1.320885352999999718e+01 3.064699194895590881e-02
1.774752709173388610e+01 1.617383343000000417e+00 3.752629566125291125e-03
1.809908959173388610e+01 1.416667597000000667e+00 3.286931779582368159e-03
1.845065209173388610e+01 -3.033932260000040682e-01 -7.039285986078980999e-04
1.880221459173388610e+01 -2.647485079999998270e-01 -6.142656798143847048e-04
1.915377709173388610e+01 9.920449619999999191e-01 2.301728450116008982e-03
1.950533959173388610e+01 -9.337776519999994029e-01 -2.166537475638049843e-03
1.985690209173388610e+01 2.168356900000001364e-01 5.030990487238981958e-04
2.020846459173388610e+01 1.046062151000000551e+00 2.427058354988400387e-03
2.056002709173388610e+01 2.032792941000002074e+00 4.716456939675178761e-03
2.091158959173388610e+01 1.021661826799999950e+01 2.370445073781902307e-02
2.126315209173388610e+01 9.261433191000003617e+00 2.148824406264502121e-02
2.161471459173388610e+01 1.481376388000002819e+00 3.437068185614855671e-03
2.196627709173388610e+01 1.650115630999998473e+00 3.828574549883987255e-03
2.231783959173388610e+01 1.421236329999990833e-01 3.297532088167031989e-04
2.266940209173388610e+01 -8.159028985999988492e+00 -1.893046168445472813e-02
2.302096459173388610e+01 -2.032356959999999990e+00 -4.715445382830626107e-03
2.337252709173388610e+01 -2.708715390999999695e+00 -6.284722484918793019e-03
2.372408959173388610e+01 -6.585643801000001574e+00 -1.527991601160093131e-02
2.407565209173388610e+01 -1.882295029399997821e+00 -4.367273850116004143e-03
2.442721459173388610e+01 2.802911522000000488e+00 6.503274993039443938e-03
2.477877709173388610e+01 9.302201962000001600e+00 2.158283517865429435e-02
2.513033959173388610e+01 -8.144681420000010608e-01 -1.889717266821348178e-03
2.548190209173388610e+01 1.407308339999998381e+00 3.265216566125286445e-03
2.583346459173388610e+01 -1.353532809999999698e+00 -3.140447354988398256e-03
2.618502709173388610e+01 -6.709708799999976048e-01 -1.556776983758695115e-03
2.653658959173388610e+01 2.350180348999998614e+00 5.452854638051040856e-03
2.688815209173388610e+01 1.350039836999985532e-01 3.132343009280708903e-04
2.723971459173388610e+01 6.147923860400000606e+00 1.426432450208816802e-02
2.759127709173388610e+01 -1.008317039999999803e-01 -2.339482691415312903e-04
2.794283959173388610e+01 -7.429415000000005875e-02 -1.723762180974479428e-04
2.829440209173388610e+01 -3.232006545999998703e+00 -7.498855095127607631e-03
2.864596459173388610e+01 -1.949648865800000630e+00 -4.523547252436196237e-03
2.899752709173388610e+01 3.657034367999995261e+00 8.484998533642680932e-03
2.934908959173388610e+01 3.732556126500000016e+00 8.660223031322505233e-03
2.970065209173388610e+01 5.441605389999994991e+00 1.262553454756379367e-02
3.005221459173388610e+01 1.948934747000000911e+00 4.521890364269143259e-03
3.040377709173388610e+01 -6.767594680000000196e+00 -1.570207582366589527e-02
3.075533959173388610e+01 3.424850324999998641e+00 7.946288457076563366e-03
3.110690209173388610e+01 3.981840629999999326e+00 9.238609350348026689e-03
3.145846459173388610e+01 1.379197919999989308e-01 3.199995174013896466e-04
3.181002709173388610e+01 6.149491278999999366e+00 1.426796120417633297e-02
3.216158959173388610e+01 4.848087804999998696e+00 1.124846358468677143e-02
3.251315209173388610e+01 3.900012599000000080e+00 9.048753129930394226e-03
3.286471459173388610e+01 7.046607852499998437e+00 1.634943817285382586e-02
3.321627709173388610e+01 -5.205947109999996547e-01 -1.207876359628769561e-03
3.356783959173388610e+01 1.723351974000001396e+00 3.998496459396754833e-03
3.391940209173388610e+01 5.487398230000000154e+00 1.273178243619489669e-02
3.427096459173388610e+01 -3.302679749999983816e-01 -7.662830046403674988e-04
3.462252709173388610e+01 -3.394072300000003373e-01 -7.874877726218105145e-04
3.497408959173388610e+01 6.132389432000001861e+00 1.422828174477958584e-02
3.532565209173388610e+01 9.895961699999999972e-02 2.296046798143851566e-04
3.567721459173388610e+01 5.445630839999999750e+00 1.263487433874709888e-02
3.602877709173388610e+01 5.899206679999993597e+00 1.368725447795822101e-02
3.638033959173388610e+01 8.854499100000011724e-01 2.054408143851510753e-03
3.673190209173388610e+01 -3.394491446000000856e+00 -7.875850222737821454e-03
3.708346459173388610e+01 7.014576221999999639e+00 1.627511884454756197e-02
3.743502709173388610e+01 -7.692878498000002452e+00 -1.784890602784223318e-02
3.778658959173388610e+01 3.094092577000000510e+00 7.178869088167054435e-03
3.813815209173388610e+01 4.497266190999998692e+00 1.043449232250579818e-02
3.848971459173388610e+01 -1.467691500000001259e-01 -3.405316705336429699e-04
3.884127709173388610e+01 -5.693926081999995503e+00 -1.321096538747098745e-02
3.919283959173388610e+01 2.654034514999999317e+00 6.157852703016239958e-03
3.954440209173388610e+01 -3.193200459999996355e-01 -7.408817772621801656e-04
3.989596459173388610e+01 1.917344889999999413e+00 4.448596032482597315e-03
4.024752709173388610e+01 4.587085910000000766e+00 1.064289074245939812e-02
4.059908959173388610e+01 -4.390805407999998522e+00 -1.018748354524361653e-02
4.095065209173388610e+01 -2.738842040999999838e+00 -6.354621904872389225e-03
4.130221459173388610e+01 7.622983070000020067e-01 1.768673566125294767e-03
4.165377709173388610e+01 4.355562918999999589e+00 1.010571442923433733e-02
4.200533959173388610e+01 -2.870046000002318687e-03 -6.659039443160832222e-06
4.235690209173388610e+01 1.938864434000000969e+00 4.498525368909514661e-03
4.270846459173388610e+01 7.945877930600001804e+00 1.843591167192575736e-02
4.306002709173388610e+01 -2.707298890999999763e+00 -6.281435941995359463e-03
4.341158959173388610e+01 3.717939135999998701e+00 8.626308900232014867e-03
4.376315209173388610e+01 -4.103265808999998043e+00 -9.520338303944310410e-03
4.411471459173388610e+01 2.854011737000000881e+00 6.621836976798145709e-03
4.446627709173388610e+01 -2.695697061999998922e+00 -6.254517545243616986e-03
4.481783959173388610e+01 -4.836123660000000157e+00 -1.122070454756380481e-02
4.516940209173388610e+01 -3.937501107000002332e+00 -9.135733426914158586e-03
4.552096459173388610e+01 9.911295450000008334e-01 2.299604512761022675e-03
4.587252709173388610e+01 7.409015290000003917e-02 1.719029069605569312e-04
4.622408959173388610e+01 -2.184915244000001255e+00 -5.069408918793506628e-03
4.657565209173388610e+01 2.580758410000010272e-01 5.987838538283085958e-04
4.692721459173388610e+01 1.666779477999999592e+00 3.867237767981437490e-03
4.727877709173388610e+01 -4.903593438000001470e+00 -1.137724695591647676e-02
4.763033959173388610e+01 3.605154644999998492e+00 8.364627946635727618e-03
4.798190209173388610e+01 -9.771009279999989250e-01 -2.267055517401389553e-03
4.833346459173388610e+01 2.715495999999917309e-02 6.300454756380318658e-05
4.868502709173388610e+01 3.454541361999995175e+00 8.015177174013909250e-03
4.903658959173388610e+01 1.277683612999999330e+00 2.964463139211135322e-03
4.938815209173388610e+01 5.082312412999998585e+00 1.179190815081206101e-02
4.973971459173388610e+01 3.513479915000004006e+00 8.151925556844557413e-03
5.009127709173388610e+01 -2.332405545000000746e+00 -5.411613793503481686e-03
5.044283959173388610e+01 -4.702293094000000728e+00 -1.091019279350348252e-02
5.079440209173388610e+01 -4.693372379999978250e-01 -1.088949508120644599e-03
5.114596459173388610e+01 1.197032279999998838e-01 2.777337076566122422e-04
5.149752709173388610e+01 1.320886069999998691e+00 3.064700858468674249e-03
5.184908959173388610e+01 -1.548085645000004673e+00 -3.591846044083537703e-03
5.220065209173388610e+01 5.135005828999999800e+00 1.191416665661252858e-02
5.255221459173388610e+01 2.564313159999997094e+00 5.949682505800457481e-03
5.290377709173388610e+01 4.140921748000000235e+00 9.607707071925755335e-03
5.325533959173388610e+01 4.877555000000000085e-01 1.131683294663573137e-03
5.360690209173388610e+01 8.462968212999999906e+00 1.963565710672853654e-02
5.395846459173388610e+01 -2.515387679999999460e+00 -5.836166310904871563e-03
5.431002709173388610e+01 1.173922957000000711e+00 2.723719157772623405e-03
5.466158959173388610e+01 -1.254284315999997901e+00 -2.910172426914148062e-03
5.501315209173388610e+01 4.529681559999981788e-01 1.050970199535958749e-03
5.536471459173388610e+01 -1.657823981999999585e+00 -3.846459354988398041e-03
5.571627709173388610e+01 -2.865827539999998397e+00 -6.649251832946631927e-03
5.606783959173388610e+01 8.093794993839999563e+00 1.877910671424593697e-02
5.641940209173388610e+01 -1.758354034000000343e+00 -4.079707735498840776e-03
5.677096459173388610e+01 -2.299904003999999169e+00 -5.336204185614847051e-03
5.712252709173388610e+01 -6.605418715999997303e+00 -1.532579748491878779e-02
5.747408959173388610e+01 5.918286083500008399e-01 1.373152223549885947e-03
5.782565209173388610e+01 2.836365479999995998e+00 6.580894385150803071e-03
5.817721459173388610e+01 7.678232447999999266e+00 1.781492447331786341e-02
5.852877709173388610e+01 2.177229770000002063e+00 5.051577192575411150e-03
5.888033959173388610e+01 2.207954840000001973e+00 5.122865058004645242e-03
5.923190209173388610e+01 -6.563260783999999681e+00 -1.522798325754060218e-02
5.958346459173388610e+01 -2.369119840000000199e+00 -5.496797772621810595e-03
5.993502709173388610e+01 -3.632718530999997864e+00 -8.428581278422268841e-03
6.028658959173388610e+01 1.990624296000000681e+00 4.618617856148493454e-03
6.063815209173388610e+01 -4.993107910799994720e+00 -1.158493714802782959e-02
6.098971459173388610e+01 4.440136220000008294e-01 1.030194018561486884e-03
6.134127709173388610e+01 -2.144427859999999963e+00 -4.975470672853828276e-03
6.169283959173388610e+01 -3.843023632100001752e+00 -8.916528148723901204e-03
6.204440209173388610e+01 1.171399037200000315e+01 2.717863195359629391e-02
6.239596459173388610e+01 4.492518339000001859e+00 1.042347642459397206e-02
6.274752709173388610e+01 -9.665990953000003216e+00 -2.242689316241299954e-02
6.309908959173388610e+01 -3.256606049999997587e+00 -7.555930510440829993e-03
6.345065209173388610e+01 2.016664737000001928e+00 4.679036512761025612e-03
6.380221459173388610e+01 9.880115169999972302e-01 2.292370109048717276e-03
6.415377709173388610e+01 9.013374992520001072e+00 2.091270299888631223e-02
6.450533959173388610e+01 -1.131328009999998274e+00 -2.624890974477954442e-03
6.485690209173388610e+01 -3.860053189000000273e+00 -8.956039881670534164e-03
6.520846459173388610e+01 -6.369314429999998417e+00 -1.477799171693735050e-02
6.556002709173388610e+01 -2.223205449999998695e+00 -5.158249303944312594e-03
6.591158959173388610e+01 -5.078314751999998045e+00 -1.178263283526681700e-02
6.626315209173388610e+01 6.445103563999997398e+00 1.495383657540602651e-02
6.661471459173388610e+01 -6.152749321699998220e+00 -1.427552046798143473e-02
6.696627709173388610e+01 3.540349102400001335e+00 8.214267058932717136e-03
6.731783959173388610e+01 2.802152001999999698e+00 6.501512765661252372e-03
6.766940209173388610e+01 -3.415829405000003760e+00 -7.925358248259869662e-03
6.802096459173388610e+01 -1.797625689000000415e+00 -4.170825264501160957e-03
6.837252709173388610e+01 2.809892340000000654e+00 6.519471786542925182e-03
6.872408959173388610e+01 4.488100039999998181e-01 1.041322515081206110e-03
6.907565209173388610e+01 -1.641089444399999486e+00 -3.807632121577724914e-03
6.942721459173388610e+01 1.003322275000001262e+00 2.327893909512763863e-03
6.977877709173388610e+01 4.242658604900000796e+00 9.843755463805106340e-03
7.013033959173388610e+01 2.132615035999998909e+00 4.948062728538280518e-03
7.048190209173388610e+01 -1.473836203999996819e+00 -3.419573559164725777e-03
7.083346459173388610e+01 3.455885730000009537e-01 8.018296357308606374e-04
7.118502709173388610e+01 2.744835109999995915e+00 6.368526937354978580e-03
7.153658959173388610e+01 -2.833115942999996584e+00 -6.573354856148483708e-03
7.188815209173388610e+01 4.145773112499999691e+00 9.618963138051044026e-03
7.223971459173388610e+01 1.777374899999999869e+00 4.123839675174013723e-03
